0.8842026 0.1452160 0.1030281 0.1307191 0.1085168 0.1023427 0.1038085 0.1121761 0.1055169 0.1026297 0.1046340 0.1124327 0.1004338 0.0991111 0.0925204 0.0948374 -0.0141997 0.0076863 0.0093803 0.0026327 0.0004900 0.0252324 0.0034937 0.0068905 0.0189499 0.0131901 0.0180713 0.0039501 0.0071239 0.0022227 0.0158213 0.0044708 0.0131057 0.0140275 0.0011637 0.0181129 0.0093282 0.0087026 0.0165382 0.0108153 0.0033978 -0.0027622 -0.0040022 -0.0016862 0.0143294 0.0100425 -0.0003112 -0.0197243 -0.0645270 -0.0179386 -0.0337250 -0.0373475 -0.0363395 -0.0165354 -0.0331080 -0.0371497 -0.0520129 -0.0411889 -0.0139285 -0.0298485 -0.0113438 -0.0263757 -0.0276190 -0.0143412 -0.0382463 -0.0137678 -0.0446840 -0.0195216 -0.0478939 0.0011271 -0.0408618 -0.0571356 -0.0531694 -0.0179883 -0.0364307 -0.0297556 -0.0351766 -0.0622151 -0.0388455 -0.1168102 -0.1230380 -0.0514479 -0.0469352 -0.0332402 -0.0810157 -0.0599913 -0.1516635 -0.0541007 -0.0841610 -0.0848058 -0.0854727 -0.0414037 -0.1054071 -0.0529624 -0.1415023
0.1452160 0.8851629 0.1047386 0.1406945 0.1102669 0.1095696 0.1101408 0.1143358 0.1084308 0.1064175 0.1107279 0.1135961 0.1082884 0.1035870 0.0943132 0.1000484 -0.0214589 0.0089762 0.0120883 0.0046065 -0.0074178 0.0212912 0.0040949 -0.0016920 0.0197828 0.0139876 0.0203944 0.0064434 0.0092446 0.0051784 0.0166947 0.0086506 0.0123902 0.0155224 0.0011662 0.0192776 0.0088677 0.0125695 0.0197663 0.0152821 0.0060756 -0.0023664 -0.0038055 0.0014675 0.0125041 0.0117650 -0.0063026 -0.0236553 -0.0683333 -0.0139582 -0.0356991 -0.0396570 -0.0383281 -0.0187746 -0.0330867 -0.0390496 -0.0564411 -0.0413558 -0.0135780 -0.0301240 -0.0143605 -0.0250139 -0.0260188 -0.0151984 -0.0345365 -0.0144468 -0.0417378 -0.0222833 -0.0505346 0.0017519 -0.0430436 -0.0601543 -0.0547116 -0.0214420 -0.0372959 -0.0251007 -0.0398411 -0.0667376 -0.0383673 -0.1253981 -0.1293602 -0.0533344 -0.0498052 -0.0380223 -0.0883989 -0.0602601 -0.1580628 -0.0522869 -0.0901182 -0.0889513 -0.0907449 -0.0417534 -0.1126197 -0.0523016 -0.1455640
0.1030281 0.1047386 0.8836954 0.1016741 0.1574320 0.1489293 0.1685677 0.1583004 0.1118153 0.1110563 0.1143783 0.1157159 0.1119849 0.1079617 0.1005599 0.1031502 -0.0150107 0.0041086 0.0139251 -0.0010846 -0.0041726 0.0222079 0.0026503 -0.0009355 0.0178036 0.0128984 0.0230186 0.0108947 0.0089263 0.0079769 0.0200545 0.0067295 0.0165486 0.0166023 0.0040934 0.0242609 0.0144321 0.0087304 0.0188585 0.0175205 0.0101721 0.0015799 -0.0050710 -0.0019168 0.0170497 0.0170730 -0.0027880 -0.0235016 -0.0748824 -0.0206325 -0.0326220 -0.0427997 -0.0378699 -0.0202811 -0.0357583 -0.0406533 -0.0549580 -0.0448411 -0.0184248 -0.0329291 -0.0137951 -0.0287759 -0.0283341 -0.0221459 -0.0421880 -0.0213913 -0.0467529 -0.0230274 -0.0530844 -0.0022518 -0.0455814 -0.0605100 -0.0575082 -0.0199219 -0.0351524 -0.0306718 -0.0414122 -0.0708018 -0.0407404 -0.1328011 -0.1419251 -0.0548673 -0.0493221 -0.0390964 -0.0917906 -0.0610198 -0.1633767 -0.0647808 -0.0947994 -0.0906122 -0.0924708 -0.0461266 -0.1206405 -0.0567620 -0.1555054
0.1307191 0.1406945 0.1016741 0.8947958 0.1031808 0.1029421 0.1003982 0.1091299 0.1037811 0.0973705 0.1046560 0.1055303 0.0974723 0.0980523 0.0901652 0.0945734 -0.0188096 0.0026747 0.0093747 -0.0025154 -0.0095637 0.0175425 0.0010752 0.0009438 0.0215272 0.0130411 0.0220775 0.0118128 0.0113933 0.0069955 0.0182004 0.0085968 0.0164348 0.0156934 0.0037855 0.0194878 0.0112970 0.0148996 0.0194283 0.0150727 0.0072936 0.0016267 0.0033566 0.0021624 0.0173193 0.0139044 -0.0024001 -0.0180197 -0.0653643 -0.0141587 -0.0294427 -0.0389356 -0.0350356 -0.0170980 -0.0284822 -0.0386933 -0.0504527 -0.0369845 -0.0107268 -0.0252837 -0.0122224 -0.0244489 -0.0238396 -0.0131802 -0.0316009 -0.0151596 -0.0449369 -0.0162798 -0.0475669 0.0051871 -0.0407612 -0.0546423 -0.0544159 -0.0175352 -0.0337303 -0.0268047 -0.0367218 -0.0625014 -0.0364984 -0.1230272 -0.1274622 -0.0507788 -0.0424523 -0.0315940 -0.0851298 -0.0601739 -0.1572319 -0.0534134 -0.0879294 -0.0837925 -0.0836060 -0.0392485 -0.1114721 -0.0510571 -0.1429169
0.1085168 0.1102669 0.1574320 0.1031808 0.9007012 0.1687833 0.1717124 0.1691750 0.1164821 0.1134333 0.1174822 0.1209252 0.1141714 0.1120545 0.0999982 0.1070862 -0.0171796 0.0121642 0.0144677 0.0056249 -0.0004427 0.0278110 0.0086992 0.0045209 0.0221247 0.0124539 0.0233374 0.0068799 0.0080783 0.0046720 0.0191472 0.0065293 0.0140518 0.0161088 -0.0016168 0.0226805 0.0092344 0.0098545 0.0213798 0.0133797 0.0133536 -0.0000270 -0.0071942 -0.0001884 0.0168069 0.0126044 -0.0026778 -0.0283451 -0.0717484 -0.0190574 -0.0375553 -0.0395565 -0.0419919 -0.0194640 -0.0371028 -0.0428603 -0.0577420 -0.0459490 -0.0188540 -0.0394618 -0.0152436 -0.0269071 -0.0296199 -0.0216178 -0.0375196 -0.0174020 -0.0485194 -0.0282014 -0.0541348 0.0027104 -0.0472622 -0.0645773 -0.0617929 -0.0195705 -0.0364020 -0.0311442 -0.0433771 -0.0728239 -0.0417024 -0.1345532 -0.1443339 -0.0565210 -0.0535931 -0.0405953 -0.0912831 -0.0623643 -0.1637378 -0.0627526 -0.0942637 -0.0929558 -0.0943714 -0.0453419 -0.1194852 -0.0625104 -0.1533221
0.1023427 0.1095696 0.1489293 0.1029421 0.1687833 0.8897554 0.1637235 0.1614493 0.1140930 0.1112516 0.1152030 0.1205251 0.1102757 0.1098314 0.0993077 0.1061618 -0.0158503 0.0066209 0.0138240 0.0029587 -0.0033202 0.0238220 0.0055906 0.0024197 0.0231959 0.0163292 0.0228409 0.0079150 0.0109227 0.0077566 0.0149982 0.0059255 0.0179142 0.0158184 -0.0026540 0.0199020 0.0055380 0.0060985 0.0137067 0.0139259 0.0110808 -0.0003635 -0.0032836 -0.0017259 0.0166641 0.0123644 -0.0022409 -0.0288967 -0.0720605 -0.0214540 -0.0405417 -0.0392319 -0.0411677 -0.0188139 -0.0385227 -0.0391481 -0.0623875 -0.0460074 -0.0202422 -0.0369087 -0.0145466 -0.0297326 -0.0307177 -0.0179291 -0.0389655 -0.0163234 -0.0483969 -0.0277220 -0.0503364 0.0016962 -0.0491941 -0.0643074 -0.0600676 -0.0199954 -0.0362625 -0.0301333 -0.0405701 -0.0740602 -0.0398638 -0.1306047 -0.1421251 -0.0548293 -0.0490833 -0.0380077 -0.0919495 -0.0579134 -0.1616658 -0.0632594 -0.0921300 -0.0949197 -0.0960374 -0.0446966 -0.1165076 -0.0625004 -0.1501705
0.1038085 0.1101408 0.1685677 0.1003982 0.1717124 0.1637235 0.8808373 0.1760954 0.1149237 0.1135548 0.1168781 0.1218437 0.1117456 0.1136206 0.0973592 0.1074441 -0.0232020 0.0049950 0.0131387 0.0037715 -0.0069508 0.0208903 0.0030090 -0.0051685 0.0209249 0.0144555 0.0222908 0.0093427 0.0089155 0.0088685 0.0186985 0.0077974 0.0170476 0.0171558 0.0019578 0.0227338 0.0068923 0.0103231 0.0197476 0.0192446 0.0113215 -0.0018275 -0.0047398 -0.0019560 0.0137218 0.0115249 -0.0036516 -0.0271829 -0.0737467 -0.0197427 -0.0377452 -0.0428725 -0.0419833 -0.0199112 -0.0395319 -0.0419130 -0.0565558 -0.0472207 -0.0206864 -0.0424799 -0.0168038 -0.0277024 -0.0293334 -0.0188004 -0.0366447 -0.0154323 -0.0467511 -0.0263723 -0.0540991 0.0037051 -0.0480246 -0.0651886 -0.0616783 -0.0209157 -0.0363194 -0.0291479 -0.0439881 -0.0717029 -0.0424607 -0.1356302 -0.1445006 -0.0557563 -0.0498256 -0.0418378 -0.0931165 -0.0622544 -0.1711942 -0.0657480 -0.0964731 -0.0927534 -0.0943505 -0.0473416 -0.1239822 -0.0648031 -0.1603431
0.1121761 0.1143358 0.1583004 0.1091299 0.1691750 0.1614493 0.1760954 0.8990307 0.1210022 0.1156598 0.1216863 0.1289646 0.1149891 0.1176292 0.1046046 0.1085143 -0.0159897 0.0073282 0.0192200 0.0052481 -0.0014563 0.0285720 0.0087773 -0.0010417 0.0203064 0.0160491 0.0207880 0.0075202 0.0071943 0.0037634 0.0165481 0.0067026 0.0168415 0.0162337 -0.0003908 0.0227764 0.0082662 0.0101663 0.0193786 0.0159438 0.0121788 -0.0026343 -0.0052536 -0.0002704 0.0128461 0.0145256 -0.0051846 -0.0276963 -0.0745520 -0.0195754 -0.0410026 -0.0373909 -0.0436628 -0.0192152 -0.0372390 -0.0431917 -0.0601303 -0.0506474 -0.0242288 -0.0385901 -0.0164996 -0.0312560 -0.0327918 -0.0236881 -0.0412142 -0.0174453 -0.0514300 -0.0276793 -0.0538954 0.0009833 -0.0489192 -0.0639870 -0.0621939 -0.0180821 -0.0394216 -0.0302156 -0.0427689 -0.0746826 -0.0422613 -0.1352811 -0.1439657 -0.0592377 -0.0505399 -0.0407046 -0.0906994 -0.0635789 -0.1674792 -0.0609938 -0.0973237 -0.0950464 -0.0972788 -0.0469148 -0.1223721 -0.0614294 -0.1544627
0.1055169 0.1084308 0.1118153 0.1037811 0.1164821 0.1140930 0.1149237 0.1210022 0.9057330 0.1567288 0.1690062 0.1635087 0.1590616 0.1531404 0.1074428 0.1149646 -0.0142126 0.0125973 0.0182769 0.0140095 0.0007999 0.0281923 0.0135049 0.0067669 0.0206178 0.0088070 0.0204014 0.0083993 0.0079440 0.0038758 0.0139070 0.0061259 0.0140917 0.0145440 -0.0037441 0.0190649 0.0073863 0.0072276 0.0142247 0.0118826 0.0092059 -0.0091168 -0.0097204 0.0045412 0.0186541 0.0120247 -0.0004896 -0.0286034 -0.0719333 -0.0210295 -0.0350760 -0.0471960 -0.0436700 -0.0203048 -0.0327108 -0.0405087 -0.0608706 -0.0431076 -0.0239877 -0.0358868 -0.0207949 -0.0327196 -0.0324706 -0.0220881 -0.0415904 -0.0166022 -0.0491742 -0.0276206 -0.0545972 0.0017579 -0.0479680 -0.0637338 -0.0545517 -0.0228751 -0.0400039 -0.0331362 -0.0492217 -0.0719641 -0.0410898 -0.1312343 -0.1349294 -0.0562968 -0.0571115 -0.0384779 -0.0950341 -0.0648335 -0.1571555 -0.0594321 -0.0955725 -0.1011735 -0.1015481 -0.0443706 -0.1204733 -0.0602534 -0.1522222
0.1026297 0.1064175 0.1110563 0.0973705 0.1134333 0.1112516 0.1135548 0.1156598 0.1567288 0.8985627 0.1539021 0.1587678 0.1701680 0.1524048 0.1001810 0.1086818 -0.0131606 0.0131413 0.0163375 0.0150493 0.0028412 0.0283124 0.0136046 0.0098620 0.0169422 0.0100275 0.0171394 0.0087380 0.0065763 0.0007434 0.0106025 0.0035824 0.0128036 0.0132868 -0.0013847 0.0194213 0.0032126 0.0056642 0.0166395 0.0133897 0.0063047 -0.0062330 -0.0085442 0.0040495 0.0156689 0.0086191 -0.0037465 -0.0276506 -0.0730499 -0.0188498 -0.0360384 -0.0384727 -0.0417644 -0.0161969 -0.0381148 -0.0385762 -0.0585927 -0.0454964 -0.0238651 -0.0367163 -0.0201961 -0.0335743 -0.0353086 -0.0238810 -0.0384193 -0.0177815 -0.0498071 -0.0269264 -0.0548002 -0.0034969 -0.0507013 -0.0611660 -0.0546241 -0.0227465 -0.0405054 -0.0320920 -0.0446785 -0.0701690 -0.0403238 -0.1253240 -0.1349450 -0.0560753 -0.0519655 -0.0378195 -0.0935360 -0.0607067 -0.1524307 -0.0620034 -0.0923515 -0.0963577 -0.0967653 -0.0453692 -0.1134555 -0.0615215 -0.1447113
0.1046340 0.1107279 0.1143783 0.1046560 0.1174822 0.1152030 0.1168781 0.1216863 0.1690062 0.1539021 0.9292962 0.1748933 0.1596702 0.1567781 0.1089179 0.1121933 -0.0048089 0.0204707 0.0297527 0.0193421 0.0114420 0.0365773 0.0208114 0.0134344 0.0156365 0.0067624 0.0159356 0.0068982 0.0073555 -0.0010514 0.0112063 -0.0007025 0.0096821 0.0120361 -0.0041996 0.0183358 0.0064492 0.0049156 0.0146196 0.0094581 0.0095921 -0.0056471 -0.0090655 0.0023533 0.0168632 0.0102611 -0.0053374 -0.0325846 -0.0704256 -0.0227120 -0.0336420 -0.0430230 -0.0424713 -0.0209586 -0.0370633 -0.0413920 -0.0609826 -0.0428574 -0.0226493 -0.0330376 -0.0241590 -0.0381729 -0.0384287 -0.0242035 -0.0442913 -0.0204586 -0.0513915 -0.0312116 -0.0591546 -0.0064215 -0.0515560 -0.0639395 -0.0561128 -0.0220515 -0.0380260 -0.0337855 -0.0456216 -0.0695153 -0.0432755 -0.1252231 -0.1330786 -0.0597565 -0.0512186 -0.0404712 -0.0955579 -0.0662922 -0.1490276 -0.0611357 -0.0960731 -0.0973686 -0.0976467 -0.0433684 -0.1145530 -0.0589940 -0.1457402
0.1124327 0.1135961 0.1157159 0.1055303 0.1209252 0.1205251 0.1218437 0.1289646 0.1635087 0.1587678 0.1748933 0.9184342 0.1654968 0.1601252 0.1048405 0.1177903 -0.0098391 0.0198213 0.0242666 0.0170339 0.0053640 0.0366333 0.0189374 0.0102740 0.0151936 0.0057890 0.0175763 0.0054867 0.0044464 -0.0019799 0.0098156 0.0009444 0.0107944 0.0126636 -0.0000783 0.0205562 0.0066869 0.0028077 0.0145178 0.0086781 0.0098435 -0.0073737 -0.0063127 0.0005618 0.0179845 0.0075537 -0.0030966 -0.0337982 -0.0765943 -0.0238969 -0.0371684 -0.0429367 -0.0417934 -0.0181344 -0.0381546 -0.0439967 -0.0616063 -0.0405440 -0.0255470 -0.0388869 -0.0260901 -0.0384116 -0.0386201 -0.0259644 -0.0430398 -0.0209151 -0.0496853 -0.0321430 -0.0584265 -0.0019115 -0.0491136 -0.0659783 -0.0576512 -0.0276841 -0.0441419 -0.0322375 -0.0472617 -0.0748745 -0.0415677 -0.1265790 -0.1356004 -0.0603770 -0.0541211 -0.0441447 -0.0993621 -0.0659097 -0.1503818 -0.0643601 -0.0956796 -0.1006537 -0.1010710 -0.0492456 -0.1134656 -0.0653927 -0.1497821
0.1004338 0.1082884 0.1119849 0.0974723 0.1141714 0.1102757 0.1117456 0.1149891 0.1590616 0.1701680 0.1596702 0.1654968 0.9004602 0.1601346 0.1037141 0.1094850 -0.0203506 0.0116468 0.0160224 0.0091923 -0.0023228 0.0274171 0.0104915 0.0037348 0.0171903 0.0098380 0.0231639 0.0080643 0.0089557 0.0031853 0.0140439 0.0052446 0.0167667 0.0150421 -0.0036066 0.0202962 0.0089078 0.0107691 0.0204736 0.0118365 0.0067713 -0.0063177 -0.0050339 0.0069265 0.0157511 0.0107832 -0.0003588 -0.0305011 -0.0736544 -0.0188227 -0.0391838 -0.0383551 -0.0381892 -0.0229067 -0.0344498 -0.0420893 -0.0603262 -0.0434626 -0.0194233 -0.0373397 -0.0165557 -0.0326490 -0.0328806 -0.0249786 -0.0374952 -0.0162374 -0.0508558 -0.0279306 -0.0548228 -0.0001546 -0.0490632 -0.0625762 -0.0599565 -0.0211790 -0.0395790 -0.0297092 -0.0451717 -0.0703039 -0.0404605 -0.1333407 -0.1387945 -0.0595471 -0.0564369 -0.0375957 -0.0965987 -0.0651461 -0.1607107 -0.0627194 -0.0950515 -0.0983210 -0.0982486 -0.0453671 -0.1211637 -0.0597362 -0.1538699
0.0991111 0.1035870 0.1079617 0.0980523 0.1120545 0.1098314 0.1136206 0.1176292 0.1531404 0.1524048 0.1567781 0.1601252 0.1601346 0.9085810 0.1039207 0.1029944 -0.0091174 0.0154797 0.0224885 0.0104365 0.0027823 0.0319109 0.0135215 0.0102208 0.0194667 0.0043062 0.0160046 0.0077618 0.0083377 -0.0007565 0.0088704 0.0015360 0.0083876 0.0131627 -0.0021329 0.0185962 0.0082763 0.0053721 0.0146581 0.0139161 0.0075270 -0.0044636 -0.0050896 0.0025070 0.0141375 0.0110245 -0.0018714 -0.0271203 -0.0714012 -0.0213771 -0.0367960 -0.0403546 -0.0422022 -0.0217770 -0.0352699 -0.0387202 -0.0609377 -0.0432718 -0.0210571 -0.0357113 -0.0199381 -0.0350019 -0.0346920 -0.0215766 -0.0396689 -0.0201209 -0.0507084 -0.0256759 -0.0540607 -0.0039315 -0.0502465 -0.0640410 -0.0563483 -0.0209276 -0.0375538 -0.0282227 -0.0413882 -0.0690775 -0.0410833 -0.1276823 -0.1331414 -0.0599816 -0.0528185 -0.0394886 -0.0952739 -0.0633803 -0.1530742 -0.0624135 -0.0947677 -0.0949823 -0.0955596 -0.0429666 -0.1155810 -0.0530788 -0.1480754
0.0925204 0.0943132 0.1005599 0.0901652 0.0999982 0.0993077 0.0973592 0.1046046 0.1074428 0.1001810 0.1089179 0.1048405 0.1037141 0.1039207 0.8828506 0.0964951 -0.0178277 0.0031061 0.0086364 -0.0035486 -0.0078658 0.0224617 0.0007453 -0.0023708 0.0187351 0.0140215 0.0238984 0.0097933 0.0117146 0.0087712 0.0194891 0.0063032 0.0170038 0.0156754 0.0068135 0.0188072 0.0097319 0.0149876 0.0180444 0.0168398 0.0078456 0.0000113 -0.0005172 0.0042807 0.0147644 0.0168144 -0.0047264 -0.0167460 -0.0651847 -0.0158040 -0.0283886 -0.0368298 -0.0345615 -0.0127432 -0.0255415 -0.0380154 -0.0487162 -0.0316621 -0.0107033 -0.0278474 -0.0105989 -0.0222297 -0.0246899 -0.0194952 -0.0316170 -0.0150717 -0.0397011 -0.0161362 -0.0461844 0.0021626 -0.0394259 -0.0527359 -0.0490086 -0.0205572 -0.0336670 -0.0279790 -0.0398971 -0.0632653 -0.0352925 -0.1161995 -0.1241872 -0.0454685 -0.0386076 -0.0310169 -0.0805681 -0.0550684 -0.1499683 -0.0515437 -0.0832801 -0.0834122 -0.0840614 -0.0407965 -0.1062144 -0.0531405 -0.1386076
0.0948374 0.1000484 0.1031502 0.0945734 0.1070862 0.1061618 0.1074441 0.1085143 0.1149646 0.1086818 0.1121933 0.1177903 0.1094850 0.1029944 0.0964951 0.8894464 -0.0246993 0.0030340 0.0075318 0.0024661 -0.0083368 0.0194390 0.0007203 -0.0009843 0.0226000 0.0187284 0.0246609 0.0102865 0.0140894 0.0093016 0.0206866 0.0132242 0.0248390 0.0157680 0.0064755 0.0243939 0.0097326 0.0147351 0.0196045 0.0149779 0.0114843 0.0013732 0.0037398 0.0011535 0.0144725 0.0175676 0.0006916 -0.0213927 -0.0657783 -0.0174782 -0.0302969 -0.0385936 -0.0359458 -0.0137142 -0.0298810 -0.0407729 -0.0533432 -0.0344795 -0.0143278 -0.0282356 -0.0087504 -0.0235723 -0.0247365 -0.0180216 -0.0305127 -0.0113355 -0.0406514 -0.0199520 -0.0487239 0.0027638 -0.0382508 -0.0574922 -0.0501302 -0.0166462 -0.0358769 -0.0216427 -0.0391294 -0.0668709 -0.0356554 -0.1198643 -0.1290790 -0.0479372 -0.0466743 -0.0357301 -0.0824455 -0.0571749 -0.1566794 -0.0541789 -0.0864714 -0.0893189 -0.0896034 -0.0390475 -0.0919197 -0.0582040 -0.1455334
-0.0141997 -0.0214589 -0.0150107 -0.0188096 -0.0171796 -0.0158503 -0.0232020 -0.0159897 -0.0142126 -0.0131606 -0.0048089 -0.0098391 -0.0203506 -0.0091174 -0.0178277 -0.0246993 1.1834738 0.1268255 0.1324629 0.1684630 0.1767424 0.1232928 0.1513716 0.1575252 -0.0758880 -0.0727624 -0.0731862 -0.0622539 -0.0816545 -0.0901413 -0.0988410 -0.0920648 -0.0905387 -0.0524601 -0.0496131 -0.0850208 -0.0636516 -0.0705884 -0.0720499 -0.0746399 -0.0213873 -0.0435240 -0.0824761 -0.0371135 -0.0390083 -0.0592004 -0.0418404 -0.0921438 0.0677839 -0.0302230 -0.0035810 0.0211483 -0.0318631 -0.0104593 -0.0201053 0.0090779 0.0103302 -0.0074625 -0.0924485 -0.0167107 -0.0916651 -0.1007042 -0.0991639 -0.0486967 -0.0475927 -0.0483874 -0.0388147 -0.0902628 -0.0440853 -0.0681664 -0.0281962 0.0240006 0.0208844 -0.0078530 -0.0129624 -0.0213741 0.0047790 0.0231585 0.0095280 0.1319282 0.1352739 -0.0134693 0.0104731 -0.0242503 0.0525986 0.0065156 0.2226286 0.0082949 0.0694750 -0.0076848 -0.0047737 -0.0272575 0.1520404 0.0097985 0.1798986
0.0076863 0.0089762 0.0041086 0.0026747 0.0121642 0.0066209 0.0049950 0.0073282 0.0125973 0.0131413 0.0204707 0.0198213 0.0116468 0.0154797 0.0031061 0.0030340 0.1268255 1.1062756 0.1290888 0.1439539 0.1421747 0.1213418 0.1384509 0.1247855 -0.0567227 -0.0658871 -0.0572662 -0.0581965 -0.0611417 -0.0786364 -0.0797287 -0.0737569 -0.0709828 -0.0429937 -0.0546056 -0.0719499 -0.0548286 -0.0629411 -0.0595649 -0.0654121 -0.0199738 -0.0530164 -0.0627548 -0.0282617 -0.0251956 -0.0564656 -0.0454428 -0.0793032 0.0284739 -0.0309735 -0.0069735 -0.0108969 -0.0312691 -0.0121351 -0.0449687 -0.0048977 -0.0111973 -0.0083560 -0.0772983 -0.0212073 -0.0855446 -0.0922195 -0.0919139 -0.0451456 -0.0472514 -0.0507252 -0.0409421 -0.0787987 -0.0566179 -0.0584763 -0.0372838 0.0108185 0.0010475 -0.0124537 -0.0182766 -0.0061885 -0.0081253 0.0179254 0.0045766 0.0832408 0.0823656 -0.0196057 -0.0003783 -0.0259080 0.0282934 0.0073833 0.1587760 -0.0113628 0.0352374 -0.0144155 -0.0128216 -0.0159427 0.1137523 -0.0177080 0.1295494
0.0093803 0.0120883 0.0139251 0.0093747 0.0144677 0.0138240 0.0131387 0.0192200 0.0182769 0.0163375 0.0297527 0.0242666 0.0160224 0.0224885 0.0086364 0.0075318 0.1324629 0.1290888 1.1149265 0.1406969 0.1561047 0.1249086 0.1347835 0.1284245 -0.0565430 -0.0569137 -0.0501098 -0.0573622 -0.0642911 -0.0793544 -0.0764141 -0.0735979 -0.0707048 -0.0422819 -0.0577197 -0.0623546 -0.0584917 -0.0639508 -0.0602601 -0.0558534 -0.0239555 -0.0507257 -0.0693379 -0.0317230 -0.0132983 -0.0527502 -0.0493870 -0.0777515 0.0360145 -0.0249044 -0.0088698 -0.0093247 -0.0228921 -0.0141429 -0.0366044 0.0067590 -0.0209053 -0.0168440 -0.0807983 -0.0172380 -0.0876234 -0.0914052 -0.0904934 -0.0389244 -0.0515597 -0.0489330 -0.0408542 -0.0760974 -0.0619665 -0.0566844 -0.0455657 -0.0065871 -0.0033908 -0.0103846 -0.0232646 -0.0175274 -0.0062275 0.0052616 -0.0065510 0.0837879 0.0883045 -0.0329009 0.0005025 -0.0394453 0.0188592 -0.0019665 0.1511696 -0.0115723 0.0112611 -0.0171596 -0.0168269 -0.0209188 0.1059006 -0.0166468 0.1125574
0.0026327 0.0046065 -0.0010846 -0.0025154 0.0056249 0.0029587 0.0037715 0.0052481 0.0140095 0.0150493 0.0193421 0.0170339 0.0091923 0.0104365 -0.0035486 0.0024661 0.1684630 0.1439539 0.1406969 1.1811348 0.1632311 0.1508288 0.1830142 0.1426713 -0.0676399 -0.0685935 -0.0659757 -0.0665498 -0.0781498 -0.0907675 -0.0960606 -0.0856432 -0.0830311 -0.0507082 -0.0615295 -0.0764541 -0.0557201 -0.0746893 -0.0682588 -0.0735365 -0.0350411 -0.0594413 -0.0836650 -0.0372246 -0.0305395 -0.0683693 -0.0597216 -0.0821816 0.0475312 -0.0238393 -0.0023040 0.0115902 -0.0117161 -0.0172406 -0.0393364 -0.0110757 -0.0131843 -0.0043825 -0.0870235 -0.0132300 -0.0965959 -0.1033403 -0.1034113 -0.0576901 -0.0492663 -0.0572267 -0.0399351 -0.0825640 -0.0652776 -0.0607827 -0.0408325 0.0006901 0.0016295 0.0040195 -0.0115456 -0.0288577 -0.0094081 0.0140442 -0.0064558 0.1030981 0.0854538 -0.0309642 -0.0248044 -0.0263398 0.0151976 -0.0013454 0.1952114 -0.0003070 0.0511225 -0.0055348 -0.0034210 -0.0178817 0.1375730 -0.0350427 0.1534606
0.0004900 -0.0074178 -0.0041726 -0.0095637 -0.0004427 -0.0033202 -0.0069508 -0.0014563 0.0007999 0.0028412 0.0114420 0.0053640 -0.0023228 0.0027823 -0.0078658 -0.0083368 0.1767424 0.1421747 0.1561047 0.1632311 1.2148679 0.1529711 0.1723504 0.1638014 -0.0772705 -0.0711780 -0.0637336 -0.0733191 -0.0835916 -0.1018985 -0.0939342 -0.0947917 -0.0940063 -0.0551096 -0.0662001 -0.0877094 -0.0792003 -0.0763557 -0.0748345 -0.0749876 -0.0247524 -0.0602658 -0.0860564 -0.0392692 -0.0331753 -0.0678064 -0.0561202 -0.1025594 0.0615362 -0.0224955 -0.0124770 0.0220296 -0.0182008 -0.0262391 -0.0454963 0.0024213 -0.0078224 -0.0205032 -0.0995270 -0.0229874 -0.1049727 -0.1015205 -0.1025982 -0.0457318 -0.0542926 -0.0596911 -0.0427604 -0.1044451 -0.0585580 -0.0666277 -0.0321190 0.0174041 0.0104771 -0.0083945 -0.0132711 -0.0338391 0.0001634 0.0385720 -0.0049052 0.1223243 0.1256117 -0.0244683 -0.0055318 -0.0222987 0.0372851 -0.0024473 0.2276445 0.0043505 0.0663821 -0.0062899 -0.0044676 -0.0081690 0.1575260 0.0055642 0.1726275
0.0252324 0.0212912 0.0222079 0.0175425 0.0278110 0.0238220 0.0208903 0.0285720 0.0281923 0.0283124 0.0365773 0.0366333 0.0274171 0.0319109 0.0224617 0.0194390 0.1232928 0.1213418 0.1249086 0.1508288 0.1529711 1.1226766 0.1520952 0.1426199 -0.0632698 -0.0542402 -0.0542851 -0.0510106 -0.0680362 -0.0820832 -0.0796519 -0.0728654 -0.0725806 -0.0424074 -0.0540030 -0.0657365 -0.0583476 -0.0593176 -0.0637512 -0.0575893 -0.0258043 -0.0565667 -0.0699775 -0.0309668 -0.0242519 -0.0589254 -0.0526674 -0.0821662 0.0302352 -0.0325987 -0.0062152 0.0043672 -0.0137110 -0.0212394 -0.0439837 -0.0109425 -0.0275685 -0.0107032 -0.0737841 -0.0173323 -0.0947970 -0.0905014 -0.0902202 -0.0498575 -0.0635744 -0.0566920 -0.0494977 -0.0809771 -0.0652511 -0.0560602 -0.0515922 -0.0054033 -0.0086085 -0.0106176 -0.0246446 -0.0249519 -0.0082978 0.0186695 0.0115211 0.0710841 0.0608137 -0.0373290 -0.0240849 -0.0252652 0.0054630 -0.0068634 0.1415923 -0.0142639 0.0195219 -0.0192655 -0.0166873 -0.0244974 0.1004736 -0.0271784 0.1085337
0.0034937 0.0040949 0.0026503 0.0010752 0.0086992 0.0055906 0.0030090 0.0087773 0.0135049 0.0136046 0.0208114 0.0189374 0.0104915 0.0135215 0.0007453 0.0007203 0.1513716 0.1384509 0.1347835 0.1830142 0.1723504 0.1520952 1.1651105 0.1521956 -0.0688614 -0.0715618 -0.0680582 -0.0701600 -0.0776374 -0.0924489 -0.0863153 -0.0828651 -0.0825536 -0.0498215 -0.0608805 -0.0837932 -0.0701517 -0.0736407 -0.0733888 -0.0714463 -0.0226100 -0.0553218 -0.0788563 -0.0327746 -0.0338266 -0.0626273 -0.0570996 -0.0886526 0.0397993 -0.0239512 -0.0014719 0.0127976 -0.0213076 -0.0177236 -0.0428790 0.0009490 -0.0205156 0.0031563 -0.0827634 -0.0153323 -0.1020773 -0.1004419 -0.0986452 -0.0585160 -0.0582866 -0.0519054 -0.0469424 -0.0887158 -0.0608214 -0.0630119 -0.0465310 0.0075080 -0.0030203 -0.0001085 -0.0222416 -0.0295202 -0.0034231 0.0149229 0.0044610 0.1134655 0.0979648 -0.0253418 -0.0117252 -0.0199733 0.0310417 0.0024054 0.1898890 0.0093783 0.0538085 -0.0123030 -0.0104770 -0.0209224 0.1355599 -0.0148747 0.1583002
0.0068905 -0.0016920 -0.0009355 0.0009438 0.0045209 0.0024197 -0.0051685 -0.0010417 0.0067669 0.0098620 0.0134344 0.0102740 0.0037348 0.0102208 -0.0023708 -0.0009843 0.1575252 0.1247855 0.1284245 0.1426713 0.1638014 0.1426199 0.1521956 1.1352863 -0.0613976 -0.0532836 -0.0630409 -0.0557794 -0.0701920 -0.0836688 -0.0835869 -0.0713780 -0.0790078 -0.0457690 -0.0613560 -0.0717133 -0.0575211 -0.0614463 -0.0611454 -0.0666374 -0.0207952 -0.0520412 -0.0744199 -0.0324913 -0.0241873 -0.0554212 -0.0442474 -0.0882572 0.0334674 -0.0272879 -0.0007111 0.0163159 -0.0247140 -0.0180022 -0.0271002 -0.0039978 -0.0108760 -0.0087934 -0.0820053 -0.0282860 -0.0873466 -0.0903728 -0.0898108 -0.0539832 -0.0532560 -0.0573945 -0.0409649 -0.0877172 -0.0491565 -0.0523633 -0.0330449 0.0152499 0.0077028 -0.0126340 -0.0194996 -0.0167501 0.0026390 0.0236785 -0.0071959 0.0932840 0.0806268 -0.0296768 -0.0079569 -0.0286692 0.0331579 -0.0059658 0.1749017 -0.0105766 0.0328109 -0.0022225 -0.0007593 -0.0229279 0.1201518 -0.0123058 0.1352902
0.0189499 0.0197828 0.0178036 0.0215272 0.0221247 0.0231959 0.0209249 0.0203064 0.0206178 0.0169422 0.0156365 0.0151936 0.0171903 0.0194667 0.0187351 0.0226000 -0.0758880 -0.0567227 -0.0565430 -0.0676399 -0.0772705 -0.0632698 -0.0688614 -0.0613976 0.8496206 0.0314577 0.0359213 0.0516347 0.0664475 0.0808379 0.0812295 0.0591286 0.0393141 0.0267058 0.0227644 0.0402167 0.0281496 0.0291875 0.0251580 0.0356252 0.0065327 0.0144423 0.0298370 0.0105080 0.0168606 0.0281092 0.0122883 0.0192563 -0.0515191 -0.0078594 -0.0195826 -0.0211962 -0.0171244 -0.0044683 -0.0092350 -0.0143091 -0.0180407 -0.0174984 0.0237700 -0.0084024 0.0234574 0.0188515 0.0191908 0.0114662 0.0063846 0.0140111 -0.0028871 0.0201836 0.0063700 0.0255454 -0.0037578 -0.0300434 -0.0303456 -0.0110954 -0.0116748 -0.0016619 -0.0214676 -0.0359704 -0.0259497 -0.0878737 -0.1023122 -0.0126602 -0.0122728 -0.0019681 -0.0545645 -0.0296410 -0.1430618 -0.0203034 -0.0537985 -0.0381858 -0.0391209 -0.0101848 -0.1068071 -0.0199275 -0.1263438
0.0131901 0.0139876 0.0128984 0.0130411 0.0124539 0.0163292 0.0144555 0.0160491 0.0088070 0.0100275 0.0067624 0.0057890 0.0098380 0.0043062 0.0140215 0.0187284 -0.0727624 -0.0658871 -0.0569137 -0.0685935 -0.0711780 -0.0542402 -0.0715618 -0.0532836 0.0314577 0.8679835 0.0713210 0.0238626 0.0438511 0.0352563 0.0431106 0.0354808 0.0372639 0.0248921 0.0169490 0.0385488 0.0223086 0.0257727 0.0274786 0.0337713 0.0049582 0.0186525 0.0226612 0.0041851 0.0068802 0.0278589 0.0152552 0.0188576 -0.0413790 0.0033709 -0.0106630 -0.0194763 0.0004206 0.0045836 0.0091240 -0.0208781 -0.0130578 -0.0099035 0.0263402 -0.0027818 0.0395845 0.0298866 0.0288487 0.0098558 0.0077432 0.0115536 -0.0057148 0.0183840 0.0018096 0.0208382 -0.0063217 -0.0282304 -0.0168839 -0.0043439 -0.0026248 -0.0077953 -0.0147548 -0.0357772 -0.0145630 -0.0738769 -0.0832591 -0.0028937 -0.0159478 0.0024292 -0.0376221 -0.0135881 -0.1416460 -0.0171848 -0.0513745 -0.0305576 -0.0302076 -0.0044352 -0.0891533 -0.0202042 -0.1077723
0.0180713 0.0203944 0.0230186 0.0220775 0.0233374 0.0228409 0.0222908 0.0207880 0.0204014 0.0171394 0.0159356 0.0175763 0.0231639 0.0160046 0.0238984 0.0246609 -0.0731862 -0.0572662 -0.0501098 -0.0659757 -0.0637336 -0.0542851 -0.0680582 -0.0630409 0.0359213 0.0713210 0.8604953 0.0306879 0.0372579 0.0447432 0.0409869 0.0423280 0.0327454 0.0246444 0.0181549 0.0312857 0.0286876 0.0247677 0.0256648 0.0336483 0.0071012 0.0159075 0.0258233 0.0104688 0.0107627 0.0222481 0.0157481 0.0182808 -0.0489060 -0.0021741 -0.0223143 -0.0175576 -0.0112530 -0.0075721 -0.0030405 -0.0238087 -0.0181937 -0.0094772 0.0223415 0.0012517 0.0293563 0.0242730 0.0235790 0.0169366 0.0116548 0.0058657 -0.0032879 0.0173743 0.0010498 0.0250405 0.0006361 -0.0295985 -0.0312649 -0.0072299 -0.0051568 -0.0047476 -0.0210154 -0.0380951 -0.0192019 -0.0923379 -0.0970526 -0.0069522 -0.0159476 -0.0047333 -0.0400860 -0.0231022 -0.1369886 -0.0237461 -0.0518577 -0.0393929 -0.0405520 -0.0100764 -0.0958812 -0.0164102 -0.1125000
0.0039501 0.0064434 0.0108947 0.0118128 0.0068799 0.0079150 0.0093427 0.0075202 0.0083993 0.0087380 0.0068982 0.0054867 0.0080643 0.0077618 0.0097933 0.0102865 -0.0622539 -0.0581965 -0.0573622 -0.0665498 -0.0733191 -0.0510106 -0.0701600 -0.0557794 0.0516347 0.0238626 0.0306879 0.8755230 0.0710776 0.0519849 0.0473676 0.0612576 0.0216455 0.0235173 0.0142701 0.0339325 0.0277093 0.0257195 0.0244635 0.0170070 0.0163812 0.0200879 0.0284474 0.0080916 0.0080695 0.0331165 0.0292506 0.0252962 -0.0467293 -0.0073639 -0.0042305 -0.0141784 -0.0009008 0.0098411 0.0010049 -0.0246003 -0.0082686 -0.0130427 0.0264534 -0.0089214 0.0311213 0.0289876 0.0288731 0.0122510 0.0080223 0.0088353 -0.0100191 0.0253553 0.0057000 0.0243218 -0.0060423 -0.0186363 -0.0101348 -0.0117168 -0.0077405 -0.0037240 -0.0187003 -0.0358934 -0.0220642 -0.0778095 -0.0809361 -0.0076476 -0.0111620 -0.0031436 -0.0418964 -0.0194544 -0.1225472 -0.0182978 -0.0578264 -0.0331158 -0.0328180 -0.0173847 -0.0951194 -0.0188979 -0.1050998
0.0071239 0.0092446 0.0089263 0.0113933 0.0080783 0.0109227 0.0089155 0.0071943 0.0079440 0.0065763 0.0073555 0.0044464 0.0089557 0.0083377 0.0117146 0.0140894 -0.0816545 -0.0611417 -0.0642911 -0.0781498 -0.0835916 -0.0680362 -0.0776374 -0.0701920 0.0664475 0.0438511 0.0372579 0.0710776 0.8737378 0.0651400 0.0568439 0.0738495 0.0299715 0.0269681 0.0190081 0.0337249 0.0246890 0.0309151 0.0290930 0.0266459 0.0094239 0.0089063 0.0276297 0.0079269 0.0069627 0.0256946 0.0138011 0.0255581 -0.0305864 -0.0052313 -0.0090597 -0.0312782 -0.0010463 0.0057000 0.0006209 -0.0199623 -0.0110680 -0.0042758 0.0294560 -0.0052437 0.0415586 0.0363140 0.0359704 0.0197079 0.0090541 0.0159956 -0.0015318 0.0233338 0.0042471 0.0268105 -0.0009256 -0.0223211 -0.0211349 -0.0072352 -0.0065243 -0.0045540 -0.0173859 -0.0360161 -0.0148969 -0.0816200 -0.0854314 -0.0024325 -0.0180823 0.0004794 -0.0452558 -0.0282769 -0.1380033 -0.0260516 -0.0507262 -0.0279991 -0.0276172 -0.0122042 -0.1006189 -0.0190828 -0.1124711
0.0022227 0.0051784 0.0079769 0.0069955 0.0046720 0.0077566 0.0088685 0.0037634 0.0038758 0.0007434 -0.0010514 -0.0019799 0.0031853 -0.0007565 0.0087712 0.0093016 -0.0901413 -0.0786364 -0.0793544 -0.0907675 -0.1018985 -0.0820832 -0.0924489 -0.0836688 0.0808379 0.0352563 0.0447432 0.0519849 0.0651400 0.8699058 0.0848265 0.0631941 0.0317940 0.0306924 0.0258671 0.0405539 0.0339687 0.0449932 0.0287209 0.0392454 0.0076158 0.0229812 0.0413990 0.0141013 0.0163866 0.0314715 0.0234170 0.0443697 -0.0469281 -0.0050343 -0.0164508 -0.0178009 -0.0017165 0.0008952 0.0122018 -0.0209784 -0.0154634 -0.0101241 0.0325463 -0.0060541 0.0487976 0.0447225 0.0454643 0.0241178 0.0112903 0.0178885 0.0038117 0.0440913 0.0174714 0.0370136 0.0050718 -0.0271315 -0.0173295 -0.0130711 -0.0127995 0.0108955 -0.0223972 -0.0344181 -0.0173544 -0.0918501 -0.0958226 0.0026934 -0.0093351 -0.0006275 -0.0426266 -0.0173027 -0.1534612 -0.0177368 -0.0563948 -0.0279052 -0.0281679 -0.0078220 -0.1074405 -0.0149391 -0.1264738
0.0158213 0.0166947 0.0200545 0.0182004 0.0191472 0.0149982 0.0186985 0.0165481 0.0139070 0.0106025 0.0112063 0.0098156 0.0140439 0.0088704 0.0194891 0.0206866 -0.0988410 -0.0797287 -0.0764141 -0.0960606 -0.0939342 -0.0796519 -0.0863153 -0.0835869 0.0812295 0.0431106 0.0409869 0.0473676 0.0568439 0.0848265 0.8582779 0.0611727 0.0421411 0.0330473 0.0257838 0.0479408 0.0382084 0.0434440 0.0383577 0.0409120 0.0141004 0.0208837 0.0418440 0.0122385 0.0163607 0.0411249 0.0215008 0.0389299 -0.0608561 0.0033739 -0.0149546 -0.0132401 -0.0035825 0.0008518 0.0095110 -0.0184112 -0.0228030 -0.0155553 0.0447629 -0.0070478 0.0408836 0.0366978 0.0374372 0.0126444 0.0130213 0.0169680 0.0001939 0.0385824 0.0112750 0.0424090 -0.0012460 -0.0352835 -0.0244327 -0.0052307 -0.0033884 -0.0028642 -0.0215603 -0.0426476 -0.0226527 -0.1023668 -0.1124036 -0.0073618 -0.0160222 0.0026440 -0.0555880 -0.0262423 -0.1654319 -0.0215611 -0.0632348 -0.0328641 -0.0337349 -0.0090928 -0.1247918 -0.0087577 -0.1425706
0.0044708 0.0086506 0.0067295 0.0085968 0.0065293 0.0059255 0.0077974 0.0067026 0.0061259 0.0035824 -0.0007025 0.0009444 0.0052446 0.0015360 0.0063032 0.0132242 -0.0920648 -0.0737569 -0.0735979 -0.0856432 -0.0947917 -0.0728654 -0.0828651 -0.0713780 0.0591286 0.0354808 0.0423280 0.0612576 0.0738495 0.0631941 0.0611727 0.8707169 0.0381783 0.0275464 0.0161352 0.0420773 0.0308033 0.0316232 0.0339639 0.0268325 0.0043784 0.0187196 0.0293292 0.0098978 0.0096193 0.0324180 0.0215073 0.0287891 -0.0458459 0.0011820 -0.0151967 -0.0126374 -0.0082709 0.0080738 0.0080063 -0.0136095 -0.0130263 -0.0031558 0.0264601 0.0025021 0.0408156 0.0447343 0.0439951 0.0131806 0.0095387 0.0143217 0.0097959 0.0286183 0.0137890 0.0301826 0.0125628 -0.0219998 -0.0177579 -0.0139627 -0.0106105 0.0069796 -0.0138481 -0.0337683 -0.0203513 -0.0802076 -0.0873117 -0.0024486 -0.0173519 -0.0012105 -0.0412992 -0.0220198 -0.1337033 -0.0241065 -0.0465148 -0.0383712 -0.0386117 -0.0110745 -0.0940916 -0.0042561 -0.1133110
0.0131057 0.0123902 0.0165486 0.0164348 0.0140518 0.0179142 0.0170476 0.0168415 0.0140917 0.0128036 0.0096821 0.0107944 0.0167667 0.0083876 0.0170038 0.0248390 -0.0905387 -0.0709828 -0.0707048 -0.0830311 -0.0940063 -0.0725806 -0.0825536 -0.0790078 0.0393141 0.0372639 0.0327454 0.0216455 0.0299715 0.0317940 0.0421411 0.0381783 0.8537918 0.0289701 0.0307951 0.0517990 0.0294213 0.0448833 0.0443548 0.0463904 0.0086853 0.0242846 0.0379090 0.0148845 0.0160365 0.0250258 0.0159878 0.0369833 -0.0486291 0.0107855 -0.0116800 -0.0215573 -0.0037050 0.0010422 0.0060105 -0.0165827 -0.0151835 -0.0122157 0.0387200 -0.0075857 0.0378925 0.0349410 0.0343917 0.0175248 0.0139022 0.0187392 0.0055520 0.0355517 0.0097019 0.0296425 -0.0006524 -0.0271301 -0.0268185 -0.0015203 -0.0050845 -0.0024986 -0.0162349 -0.0359746 -0.0193465 -0.0887111 -0.0941782 -0.0060388 -0.0159591 -0.0019004 -0.0443861 -0.0148255 -0.1563669 -0.0152210 -0.0528280 -0.0321681 -0.0328060 -0.0090185 -0.1134332 -0.0228908 -0.1171979
0.0140275 0.0155224 0.0166023 0.0156934 0.0161088 0.0158184 0.0171558 0.0162337 0.0145440 0.0132868 0.0120361 0.0126636 0.0150421 0.0131627 0.0156754 0.0157680 -0.0524601 -0.0429937 -0.0422819 -0.0507082 -0.0551096 -0.0424074 -0.0498215 -0.0457690 0.0267058 0.0248921 0.0246444 0.0235173 0.0269681 0.0306924 0.0330473 0.0275464 0.0289701 0.9466712 0.0187724 0.0292752 0.0231487 0.0246043 0.0248388 0.0252778 0.0097801 0.0165561 0.0250844 0.0093661 0.0113483 0.0219102 0.0159865 0.0268730 -0.0300916 0.0039938 -0.0041846 -0.0110175 0.0005023 0.0024713 0.0059324 -0.0101635 -0.0071221 -0.0049071 0.0272109 0.0000321 0.0307748 0.0291904 0.0287968 0.0121518 0.0112383 0.0137654 0.0037965 0.0271999 0.0084185 0.0214417 0.0025953 -0.0160353 -0.0128307 -0.0007716 -0.0004551 0.0010515 -0.0082507 -0.0213207 -0.0081950 -0.0617059 -0.0644724 -0.0018164 -0.0079216 0.0032816 -0.0272783 -0.0125198 -0.0987669 -0.0099615 -0.0343973 -0.0157447 -0.0164994 -0.0030256 -0.0689867 -0.0086499 -0.0808836
0.0011637 0.0011662 0.0040934 0.0037855 -0.0016168 -0.0026540 0.0019578 -0.0003908 -0.0037441 -0.0013847 -0.0041996 -0.0000783 -0.0036066 -0.0021329 0.0068135 0.0064755 -0.0496131 -0.0546056 -0.0577197 -0.0615295 -0.0662001 -0.0540030 -0.0608805 -0.0613560 0.0227644 0.0169490 0.0181549 0.0142701 0.0190081 0.0258671 0.0257838 0.0161352 0.0307951 0.0187724 0.8827123 0.0310766 0.0255096 0.0248044 0.0154768 0.0240764 -0.0009705 0.0088028 0.0258025 -0.0039498 0.0048793 0.0126556 0.0076407 0.0211507 -0.0276555 -0.0003975 -0.0034083 -0.0159274 -0.0012782 0.0025770 0.0030484 -0.0123053 0.0019486 0.0011400 0.0239310 0.0020541 0.0231819 0.0203952 0.0194948 0.0122582 0.0076157 0.0147865 0.0014447 0.0209380 0.0053036 0.0234639 0.0053496 -0.0132510 -0.0155169 -0.0047961 -0.0040798 -0.0007240 -0.0034050 -0.0170293 -0.0028791 -0.0577511 -0.0592867 0.0006635 0.0031212 0.0075207 -0.0222919 -0.0125110 -0.0954244 -0.0129165 -0.0236798 -0.0191628 -0.0198047 -0.0011772 -0.0723864 -0.0030137 -0.0744165
0.0181129 0.0192776 0.0242609 0.0194878 0.0226805 0.0199020 0.0227338 0.0227764 0.0190649 0.0194213 0.0183358 0.0205562 0.0202962 0.0185962 0.0188072 0.0243939 -0.0850208 -0.0719499 -0.0623546 -0.0764541 -0.0877094 -0.0657365 -0.0837932 -0.0717133 0.0402167 0.0385488 0.0312857 0.0339325 0.0337249 0.0405539 0.0479408 0.0420773 0.0517990 0.0292752 0.0310766 0.8621062 0.0406310 0.0385633 0.0424289 0.0404897 0.0102899 0.0207307 0.0371996 0.0121423 0.0132800 0.0305279 0.0218194 0.0261568 -0.0456830 0.0046749 -0.0120795 -0.0225352 -0.0004949 0.0000047 0.0003466 -0.0079167 -0.0189511 -0.0151111 0.0389997 -0.0070249 0.0395434 0.0383715 0.0376354 0.0143148 0.0176522 0.0216989 -0.0001917 0.0285813 0.0063987 0.0355309 -0.0014891 -0.0255884 -0.0226238 -0.0084679 -0.0047418 -0.0028190 -0.0185428 -0.0377708 -0.0215110 -0.1028664 -0.1051305 -0.0057755 -0.0133686 -0.0045106 -0.0465539 -0.0287719 -0.1564023 -0.0207390 -0.0622706 -0.0369088 -0.0379695 -0.0120963 -0.1157476 -0.0212118 -0.1335049
0.0093282 0.0088677 0.0144321 0.0112970 0.0092344 0.0055380 0.0068923 0.0082662 0.0073863 0.0032126 0.0064492 0.0066869 0.0089078 0.0082763 0.0097319 0.0097326 -0.0636516 -0.0548286 -0.0584917 -0.0557201 -0.0792003 -0.0583476 -0.0701517 -0.0575211 0.0281496 0.0223086 0.0286876 0.0277093 0.0246890 0.0339687 0.0382084 0.0308033 0.0294213 0.0231487 0.0255096 0.0406310 0.8682246 0.0299892 0.0354788 0.0293795 -0.0001329 0.0098430 0.0286475 0.0021460 0.0122427 0.0199225 0.0099143 0.0224802 -0.0366001 -0.0009949 -0.0090681 -0.0107041 -0.0041224 0.0004357 0.0097121 -0.0234520 -0.0123211 -0.0088883 0.0328360 0.0009263 0.0281680 0.0254694 0.0262956 0.0085383 0.0172079 0.0097547 0.0016051 0.0229317 0.0086352 0.0325760 -0.0015984 -0.0181373 -0.0163446 -0.0033736 -0.0006282 0.0004592 -0.0101249 -0.0300591 -0.0196949 -0.0909866 -0.0927593 -0.0067285 -0.0168947 0.0012821 -0.0312599 -0.0233921 -0.1226252 -0.0069100 -0.0388767 -0.0260641 -0.0268175 -0.0055703 -0.0920672 -0.0108024 -0.1035802
0.0087026 0.0125695 0.0087304 0.0148996 0.0098545 0.0060985 0.0103231 0.0101663 0.0072276 0.0056642 0.0049156 0.0028077 0.0107691 0.0053721 0.0149876 0.0147351 -0.0705884 -0.0629411 -0.0639508 -0.0746893 -0.0763557 -0.0593176 -0.0736407 -0.0614463 0.0291875 0.0257727 0.0247677 0.0257195 0.0309151 0.0449932 0.0434440 0.0316232 0.0448833 0.0246043 0.0248044 0.0385633 0.0299892 0.8754972 0.0331349 0.0419836 0.0050868 0.0202631 0.0397632 0.0096584 0.0087912 0.0232460 0.0200120 0.0283204 -0.0406605 0.0045214 -0.0053113 -0.0097666 -0.0015182 -0.0032817 0.0113238 -0.0139855 -0.0130346 -0.0021621 0.0298714 -0.0100024 0.0324118 0.0301464 0.0304342 0.0132445 0.0104139 0.0177772 0.0055263 0.0268557 0.0147473 0.0327492 0.0009937 -0.0270693 -0.0186105 -0.0026274 -0.0029959 -0.0022121 -0.0151613 -0.0221574 -0.0123178 -0.0830843 -0.0954399 -0.0018820 -0.0162518 0.0069292 -0.0322822 -0.0250790 -0.1299673 -0.0145709 -0.0426887 -0.0166012 -0.0192988 -0.0100192 -0.0993615 -0.0123557 -0.1114346
0.0165382 0.0197663 0.0188585 0.0194283 0.0213798 0.0137067 0.0197476 0.0193786 0.0142247 0.0166395 0.0146196 0.0145178 0.0204736 0.0146581 0.0180444 0.0196045 -0.0720499 -0.0595649 -0.0602601 -0.0682588 -0.0748345 -0.0637512 -0.0733888 -0.0611454 0.0251580 0.0274786 0.0256648 0.0244635 0.0290930 0.0287209 0.0383577 0.0339639 0.0443548 0.0248388 0.0154768 0.0424289 0.0354788 0.0331349 0.8589035 0.0343506 0.0050650 0.0126030 0.0263442 0.0124568 0.0068720 0.0308990 0.0172826 0.0266243 -0.0509501 0.0050912 -0.0124290 -0.0082192 -0.0068177 0.0001763 0.0122483 -0.0133793 -0.0100178 -0.0186027 0.0260410 -0.0146527 0.0321853 0.0260233 0.0255403 0.0139824 0.0119332 0.0140969 -0.0047348 0.0265423 0.0007955 0.0208962 -0.0060963 -0.0298225 -0.0253691 -0.0061561 -0.0050450 -0.0060269 -0.0047383 -0.0349582 -0.0140650 -0.0798076 -0.0880398 -0.0126542 -0.0208154 0.0024534 -0.0465683 -0.0210280 -0.1422141 -0.0197926 -0.0573845 -0.0274556 -0.0282363 -0.0080274 -0.1025374 -0.0249400 -0.1082143
