0.0014678 0.7414934 0.2570389
0.0000994 0.7539066 0.2459940
0.0000991 0.7764564 0.2234446
0.0000995 0.7112479 0.2886527
0.0000991 0.7980110 0.2018899
0.0000992 0.7899264 0.2099745
0.0000989 0.7975899 0.2023112
0.0000990 0.8108185 0.1890825
0.0000994 0.8174682 0.1824324
0.0000996 0.8148711 0.1850293
0.0000998 0.8311713 0.1687289
0.0000996 0.8501464 0.1497540
0.0000992 0.8113693 0.1885315
0.0000996 0.8152010 0.1846993
0.0000997 0.7011893 0.2987109
0.0000995 0.7155900 0.2843105
0.5536924 0.4462080 0.0000996
0.4654060 0.5344944 0.0000996
0.4446882 0.5552123 0.0000996
0.4883776 0.5115228 0.0000996
0.5322253 0.4676751 0.0000996
0.4247332 0.5751672 0.0000996
0.4920114 0.5078890 0.0000996
0.4879883 0.5119121 0.0000996
0.0000994 0.2621402 0.7377604
0.0067077 0.2401312 0.7531611
0.0000998 0.2772532 0.7226470
0.0107442 0.2259222 0.7633337
0.0000997 0.2094789 0.7904214
0.0000991 0.1575580 0.8423429
0.0000984 0.1931386 0.8067629
0.0000995 0.1853752 0.8145253
0.0000992 0.2153805 0.7845203
0.0635916 0.2591182 0.6772903
0.0609084 0.1971325 0.7419590
0.0000990 0.2415181 0.7583830
0.0108907 0.2265801 0.7625292
0.0076157 0.2188973 0.7734870
0.0000998 0.2589048 0.7409953
0.0011578 0.2390092 0.7598331
0.1157692 0.3054768 0.5787541
0.0740926 0.2060215 0.7198859
0.0182124 0.1482069 0.8335807
0.1208991 0.2532797 0.6258212
0.0938726 0.3207224 0.5854050
0.0217935 0.2512046 0.7270018
0.0807299 0.2087482 0.7105219
0.0211932 0.0296380 0.9491687
0.4626853 0.0763411 0.4609737
0.1821500 0.1726896 0.6451604
0.2589244 0.1337708 0.6073048
0.3001170 0.1542880 0.5455950
0.2233999 0.0985350 0.6780651
0.1868657 0.1976466 0.6154876
0.1774324 0.0885408 0.7340268
0.3005565 0.1339500 0.5654936
0.2945670 0.0403054 0.6651276
0.2584535 0.1051174 0.6364291
0.0134284 0.0666852 0.9198864
0.2128954 0.1217295 0.6653751
0.0000998 0.0601757 0.9397244
0.0073143 0.0036377 0.9890479
0.0120062 0.0020111 0.9859827
0.1242393 0.1222708 0.7534900
0.1476525 0.0480963 0.8042512
0.1075080 0.1401194 0.7523725
0.2068635 0.0290945 0.7640420
0.0187880 0.0343186 0.9468934
0.1725592 0.0001001 0.8273407
0.0344715 0.1965604 0.7689681
0.2154011 0.0414248 0.7431740
0.3616276 0.0605779 0.5777944
0.3335437 0.0706588 0.5957975
0.2171297 0.1976084 0.5852619
0.2313180 0.1102821 0.6583998
0.2130969 0.1465447 0.6403585
0.2856950 0.1243693 0.5899357
0.4037258 0.0420742 0.5541999
0.2876196 0.1335128 0.5788676
0.7286339 0.0001002 0.2712659
0.7459060 0.0001004 0.2539936
0.2578870 0.0261749 0.7159381
0.2993642 0.0755226 0.6251131
0.2044234 0.0950935 0.7004832
0.4604465 0.0001001 0.5394534
0.3380125 0.0377166 0.6242709
0.9804356 0.0001002 0.0194642
0.3239387 0.0402969 0.6357644
0.5140589 0.0001000 0.4858411
0.3731120 0.0001006 0.6267874
0.3794307 0.0001006 0.6204686
0.2606210 0.0770107 0.6623684
0.7630106 0.0494039 0.1875855
0.3069206 0.0284625 0.6646169
0.8552268 0.0001003 0.1446729
