0.8590317 0.1174500 0.0733257 0.1045575 0.0754401 0.0717699 0.0739363 0.0786815 0.0712504 0.0690999 0.0666290 0.0759393 0.0674697 0.0652570 0.0681926 0.0681484 -0.0580911 -0.0346074 -0.0339167 -0.0449464 -0.0502086 -0.0220884 -0.0463387 -0.0371546 0.0323760 0.0276627 0.0294977 0.0191148 0.0254738 0.0269869 0.0392518 0.0257425 0.0312301 0.0274998 0.0155981 0.0358887 0.0239204 0.0260532 0.0293862 0.0252958 0.0054448 0.0103017 0.0170079 0.0041441 0.0161843 0.0231127 0.0119950 0.0110988 -0.0652542 -0.0092380 -0.0267450 -0.0345235 -0.0248236 -0.0102794 -0.0176784 -0.0324122 -0.0389134 -0.0312703 0.0136818 -0.0191431 0.0198624 0.0086536 0.0086140 0.0013419 -0.0169313 0.0027688 -0.0249713 0.0102167 -0.0227832 0.0170941 -0.0239388 -0.0504445 -0.0453527 -0.0135063 -0.0249929 -0.0207892 -0.0291564 -0.0567615 -0.0335203 -0.1233613 -0.1283853 -0.0345490 -0.0373419 -0.0196972 -0.0729887 -0.0503370 -0.1750627 -0.0434183 -0.0813203 -0.0657188 -0.0663870 -0.0293696 -0.1235928 -0.0402333 -0.1550300
0.1174500 0.8606113 0.0751030 0.1144881 0.0769489 0.0786702 0.0802635 0.0808108 0.0738820 0.0724561 0.0725313 0.0765104 0.0753916 0.0699550 0.0697813 0.0729740 -0.0647549 -0.0328752 -0.0309748 -0.0431506 -0.0585773 -0.0254917 -0.0461400 -0.0452837 0.0329278 0.0285016 0.0316229 0.0211834 0.0273387 0.0299189 0.0397245 0.0297825 0.0300580 0.0293251 0.0154711 0.0369630 0.0234165 0.0300059 0.0324438 0.0295577 0.0080539 0.0105419 0.0172591 0.0072032 0.0143510 0.0248006 0.0057274 0.0071447 -0.0690341 -0.0053866 -0.0287796 -0.0366401 -0.0266534 -0.0125334 -0.0175846 -0.0343634 -0.0434924 -0.0313078 0.0139132 -0.0191404 0.0170687 0.0104464 0.0103829 0.0003291 -0.0132524 0.0019712 -0.0220767 0.0071949 -0.0258356 0.0176676 -0.0264266 -0.0533517 -0.0470926 -0.0167749 -0.0259200 -0.0163808 -0.0335895 -0.0608956 -0.0330286 -0.1314340 -0.1346437 -0.0361964 -0.0400369 -0.0245419 -0.0803285 -0.0505281 -0.1816354 -0.0416523 -0.0873948 -0.0700242 -0.0716432 -0.0297715 -0.1307215 -0.0396440 -0.1589611
0.0733257 0.0751030 0.8560025 0.0733462 0.1215137 0.1153145 0.1361139 0.1217458 0.0749208 0.0747904 0.0727866 0.0758156 0.0764285 0.0714885 0.0742577 0.0743223 -0.0612497 -0.0412005 -0.0325954 -0.0519752 -0.0589562 -0.0278926 -0.0506736 -0.0479364 0.0319206 0.0283489 0.0352637 0.0269284 0.0282083 0.0345810 0.0449243 0.0291763 0.0358292 0.0313677 0.0195571 0.0433310 0.0300215 0.0273173 0.0325555 0.0328105 0.0123043 0.0155114 0.0173727 0.0039910 0.0190243 0.0309945 0.0100820 0.0093803 -0.0754669 -0.0116723 -0.0250144 -0.0396058 -0.0255107 -0.0134254 -0.0192179 -0.0354884 -0.0406640 -0.0339225 0.0109560 -0.0215247 0.0195570 0.0088613 0.0105866 -0.0054785 -0.0195016 -0.0038071 -0.0254503 0.0085096 -0.0261139 0.0148924 -0.0277143 -0.0531763 -0.0492528 -0.0148866 -0.0229762 -0.0210009 -0.0348334 -0.0647780 -0.0349479 -0.1390739 -0.1468102 -0.0365518 -0.0386616 -0.0244191 -0.0826215 -0.0502764 -0.1877887 -0.0533706 -0.0916406 -0.0702825 -0.0723432 -0.0330599 -0.1394654 -0.0430465 -0.1693522
0.1045575 0.1144881 0.0733462 0.8710208 0.0722597 0.0737048 0.0717516 0.0774802 0.0714376 0.0655998 0.0691465 0.0706312 0.0663616 0.0659860 0.0671518 0.0695709 -0.0592221 -0.0367359 -0.0313849 -0.0475517 -0.0571139 -0.0263983 -0.0455268 -0.0400262 0.0340192 0.0264722 0.0328056 0.0258801 0.0283281 0.0303116 0.0398804 0.0283609 0.0334119 0.0277985 0.0173047 0.0359529 0.0250490 0.0308573 0.0315205 0.0286112 0.0091690 0.0137877 0.0231918 0.0074981 0.0190491 0.0258599 0.0088273 0.0107693 -0.0659350 -0.0059234 -0.0227508 -0.0361365 -0.0240740 -0.0112219 -0.0138709 -0.0343421 -0.0381240 -0.0277807 0.0153913 -0.0149894 0.0171603 0.0085868 0.0104435 0.0015972 -0.0118222 0.0001792 -0.0264510 0.0116853 -0.0242637 0.0200977 -0.0248090 -0.0482930 -0.0471570 -0.0132336 -0.0230238 -0.0182973 -0.0307157 -0.0571131 -0.0314948 -0.1287970 -0.1319158 -0.0348244 -0.0333264 -0.0186354 -0.0775091 -0.0508481 -0.1791816 -0.0431475 -0.0850516 -0.0660402 -0.0659489 -0.0279337 -0.1280555 -0.0392064 -0.1550272
0.0754401 0.0769489 0.1215137 0.0722597 0.8661255 0.1312527 0.1349543 0.1286753 0.0753814 0.0728749 0.0718735 0.0767476 0.0744392 0.0713984 0.0707007 0.0752218 -0.0680522 -0.0381798 -0.0371878 -0.0511153 -0.0605533 -0.0283605 -0.0502586 -0.0473180 0.0377808 0.0295840 0.0369448 0.0246265 0.0296069 0.0339124 0.0463725 0.0314405 0.0354278 0.0316889 0.0153708 0.0438008 0.0269163 0.0302555 0.0367076 0.0305353 0.0157012 0.0153951 0.0177426 0.0065233 0.0191676 0.0277447 0.0117927 0.0080524 -0.0724367 -0.0087386 -0.0289396 -0.0362178 -0.0279659 -0.0119397 -0.0182796 -0.0372017 -0.0422356 -0.0339088 0.0140651 -0.0265942 0.0215915 0.0147341 0.0131922 -0.0032378 -0.0121268 0.0021643 -0.0252607 0.0070202 -0.0245821 0.0217217 -0.0270722 -0.0563452 -0.0526030 -0.0138505 -0.0227566 -0.0204371 -0.0359553 -0.0659308 -0.0353246 -0.1416425 -0.1499567 -0.0364170 -0.0419373 -0.0246456 -0.0813936 -0.0503645 -0.1908709 -0.0499107 -0.0905971 -0.0702273 -0.0717074 -0.0308428 -0.1403202 -0.0471624 -0.1685027
0.0717699 0.0786702 0.1153145 0.0737048 0.1312527 0.8602107 0.1298393 0.1238988 0.0757765 0.0733220 0.0720133 0.0788932 0.0732353 0.0717584 0.0720478 0.0762077 -0.0644423 -0.0403721 -0.0343818 -0.0502272 -0.0601266 -0.0285683 -0.0503183 -0.0467731 0.0378511 0.0323082 0.0356299 0.0245613 0.0311658 0.0350483 0.0407866 0.0294442 0.0379133 0.0312630 0.0134980 0.0397619 0.0217829 0.0255803 0.0281105 0.0300359 0.0132137 0.0141398 0.0204027 0.0045020 0.0189813 0.0269901 0.0112755 0.0055403 -0.0728949 -0.0116814 -0.0324447 -0.0361214 -0.0281743 -0.0117216 -0.0209611 -0.0338845 -0.0477536 -0.0347827 0.0102882 -0.0248999 0.0202787 0.0095338 0.0097198 -0.0006481 -0.0152265 0.0022839 -0.0262219 0.0052379 -0.0222499 0.0195785 -0.0305981 -0.0565787 -0.0514192 -0.0149838 -0.0235448 -0.0202377 -0.0338129 -0.0676124 -0.0337433 -0.1377805 -0.1477422 -0.0356240 -0.0381451 -0.0229254 -0.0827221 -0.0465763 -0.1873271 -0.0513209 -0.0888219 -0.0734803 -0.0750728 -0.0309251 -0.1365995 -0.0483460 -0.1648535
0.0739363 0.0802635 0.1361139 0.0717516 0.1349543 0.1298393 0.8541896 0.1390195 0.0774125 0.0765884 0.0742721 0.0812041 0.0758566 0.0766871 0.0706038 0.0776109 -0.0700974 -0.0398190 -0.0334460 -0.0470267 -0.0617288 -0.0295695 -0.0508720 -0.0524296 0.0349009 0.0299412 0.0343844 0.0252885 0.0284304 0.0354876 0.0438495 0.0305581 0.0362072 0.0326059 0.0175054 0.0419667 0.0225204 0.0293392 0.0333953 0.0345990 0.0131637 0.0119786 0.0179257 0.0040880 0.0156659 0.0255458 0.0092652 0.0057055 -0.0739585 -0.0104135 -0.0300896 -0.0396490 -0.0293636 -0.0131069 -0.0226058 -0.0367047 -0.0422753 -0.0364327 0.0085424 -0.0307673 0.0165737 0.0102707 0.0099507 -0.0023540 -0.0135813 0.0024363 -0.0246992 0.0052079 -0.0266763 0.0208026 -0.0301422 -0.0575618 -0.0533252 -0.0157982 -0.0237106 -0.0198416 -0.0371891 -0.0655243 -0.0368441 -0.1418880 -0.1494140 -0.0371572 -0.0389880 -0.0274339 -0.0837917 -0.0515910 -0.1950924 -0.0539027 -0.0928699 -0.0723451 -0.0738033 -0.0341554 -0.1427165 -0.0508367 -0.1737852
0.0786815 0.0808108 0.1217458 0.0774802 0.1286753 0.1238988 0.1390195 0.8639235 0.0793410 0.0748271 0.0749710 0.0840438 0.0747454 0.0766536 0.0750384 0.0761970 -0.0678070 -0.0429297 -0.0329123 -0.0515267 -0.0621371 -0.0277698 -0.0510286 -0.0531447 0.0361925 0.0334023 0.0345459 0.0255019 0.0290269 0.0331711 0.0443336 0.0319327 0.0383574 0.0323176 0.0167399 0.0439005 0.0257326 0.0308363 0.0347322 0.0331149 0.0145062 0.0129774 0.0200924 0.0063563 0.0151398 0.0300870 0.0092251 0.0089734 -0.0751109 -0.0092295 -0.0325292 -0.0337826 -0.0296721 -0.0115817 -0.0185115 -0.0374256 -0.0442844 -0.0385989 0.0089279 -0.0254790 0.0207249 0.0107900 0.0107093 -0.0050651 -0.0159824 0.0022923 -0.0276149 0.0077060 -0.0239876 0.0199848 -0.0284914 -0.0554914 -0.0529869 -0.0121520 -0.0255958 -0.0193040 -0.0347863 -0.0676043 -0.0357986 -0.1422824 -0.1495855 -0.0389654 -0.0387344 -0.0243754 -0.0807451 -0.0515752 -0.1948605 -0.0478963 -0.0935788 -0.0723511 -0.0746993 -0.0324961 -0.1432420 -0.0462217 -0.1699066
0.0712504 0.0738820 0.0749208 0.0714376 0.0753814 0.0757765 0.0774125 0.0793410 0.8684220 0.1144288 0.1209388 0.1169422 0.1174279 0.1109727 0.0770724 0.0817643 -0.0679576 -0.0398721 -0.0357986 -0.0453488 -0.0620959 -0.0311496 -0.0486608 -0.0475312 0.0374768 0.0268387 0.0347580 0.0272997 0.0306015 0.0345710 0.0426308 0.0321913 0.0367260 0.0312424 0.0142332 0.0410266 0.0257811 0.0286652 0.0302932 0.0300993 0.0116740 0.0070497 0.0165538 0.0118741 0.0210980 0.0282560 0.0145471 0.0098308 -0.0730377 -0.0101933 -0.0265560 -0.0435178 -0.0290973 -0.0123949 -0.0131946 -0.0347407 -0.0445768 -0.0305831 0.0106109 -0.0223421 0.0179207 0.0111376 0.0124727 -0.0025507 -0.0149315 0.0039753 -0.0248205 0.0092698 -0.0236587 0.0216796 -0.0268895 -0.0552914 -0.0452860 -0.0171556 -0.0260624 -0.0219927 -0.0414764 -0.0649405 -0.0345770 -0.1391269 -0.1418822 -0.0352414 -0.0451151 -0.0218243 -0.0849879 -0.0525524 -0.1872689 -0.0458609 -0.0917692 -0.0777338 -0.0783452 -0.0295943 -0.1429539 -0.0446212 -0.1691565
0.0690999 0.0724561 0.0747904 0.0655998 0.0728749 0.0733220 0.0765884 0.0748271 0.1144288 0.8625496 0.1068076 0.1130180 0.1291040 0.1109813 0.0702654 0.0758669 -0.0664686 -0.0389046 -0.0376532 -0.0440300 -0.0597199 -0.0301564 -0.0479022 -0.0440636 0.0333039 0.0277821 0.0313139 0.0272958 0.0290968 0.0310896 0.0388923 0.0295699 0.0350159 0.0300153 0.0165986 0.0411543 0.0212754 0.0269701 0.0325197 0.0316531 0.0089025 0.0096407 0.0175534 0.0110925 0.0180114 0.0246504 0.0114456 0.0103001 -0.0741661 -0.0081830 -0.0272036 -0.0351108 -0.0273354 -0.0084978 -0.0188161 -0.0328921 -0.0425413 -0.0332610 0.0098946 -0.0232433 0.0178589 0.0095254 0.0092185 -0.0047503 -0.0120559 0.0023887 -0.0253885 0.0096741 -0.0243320 0.0162080 -0.0300384 -0.0530458 -0.0452313 -0.0170591 -0.0265659 -0.0211057 -0.0369753 -0.0632452 -0.0336445 -0.1335815 -0.1414133 -0.0353035 -0.0399509 -0.0210793 -0.0833971 -0.0483658 -0.1822915 -0.0488894 -0.0890300 -0.0733555 -0.0735480 -0.0305879 -0.1359429 -0.0460308 -0.1614320
0.0666290 0.0725313 0.0727866 0.0691465 0.0718735 0.0720133 0.0742721 0.0749710 0.1209388 0.1068076 0.8824003 0.1230608 0.1138176 0.1094080 0.0752506 0.0760412 -0.0652721 -0.0392199 -0.0321100 -0.0488326 -0.0598038 -0.0305741 -0.0490354 -0.0478001 0.0345984 0.0273913 0.0325762 0.0284610 0.0330078 0.0331213 0.0433219 0.0288014 0.0355255 0.0298856 0.0161003 0.0429955 0.0277344 0.0290421 0.0332404 0.0299904 0.0127879 0.0127914 0.0209710 0.0108047 0.0197121 0.0286746 0.0118440 0.0106428 -0.0718565 -0.0103927 -0.0237470 -0.0390319 -0.0256392 -0.0121359 -0.0151292 -0.0349766 -0.0427213 -0.0292210 0.0166438 -0.0178016 0.0196327 0.0111699 0.0117786 -0.0016735 -0.0142603 0.0027045 -0.0241597 0.0106229 -0.0249417 0.0165548 -0.0275579 -0.0549054 -0.0454467 -0.0157207 -0.0225957 -0.0211942 -0.0370853 -0.0621755 -0.0359678 -0.1351746 -0.1410905 -0.0362968 -0.0377285 -0.0214343 -0.0846990 -0.0521929 -0.1840999 -0.0461559 -0.0925618 -0.0712853 -0.0717579 -0.0267404 -0.1406352 -0.0416750 -0.1656165
0.0759393 0.0765104 0.0758156 0.0706312 0.0767476 0.0788932 0.0812041 0.0840438 0.1169422 0.1130180 0.1230608 0.8748535 0.1205572 0.1145203 0.0722923 0.0819979 -0.0685935 -0.0377020 -0.0348776 -0.0476586 -0.0636872 -0.0277289 -0.0485946 -0.0493247 0.0334673 0.0255761 0.0334376 0.0262541 0.0290434 0.0311904 0.0412595 0.0295039 0.0354242 0.0310728 0.0195987 0.0445443 0.0268816 0.0263286 0.0323951 0.0286666 0.0128164 0.0105251 0.0223747 0.0085462 0.0207834 0.0255944 0.0136579 0.0079649 -0.0779049 -0.0122429 -0.0280214 -0.0392486 -0.0260633 -0.0096199 -0.0168840 -0.0379739 -0.0441432 -0.0274908 0.0118795 -0.0243870 0.0158647 0.0090972 0.0102994 -0.0046268 -0.0140391 0.0013422 -0.0232676 0.0082871 -0.0246558 0.0201998 -0.0263712 -0.0571670 -0.0475621 -0.0214073 -0.0286857 -0.0199722 -0.0390241 -0.0674954 -0.0343756 -0.1360337 -0.1434965 -0.0376492 -0.0409686 -0.0260859 -0.0887127 -0.0524040 -0.1843565 -0.0498384 -0.0921820 -0.0754489 -0.0761445 -0.0332371 -0.1384583 -0.0486725 -0.1689103
0.0674697 0.0753916 0.0764285 0.0663616 0.0744392 0.0732353 0.0758566 0.0747454 0.1174279 0.1291040 0.1138176 0.1205572 0.8666735 0.1193286 0.0743745 0.0773411 -0.0718747 -0.0388235 -0.0360297 -0.0479763 -0.0635457 -0.0290671 -0.0498095 -0.0488606 0.0331760 0.0273143 0.0369974 0.0260394 0.0305292 0.0325790 0.0416805 0.0303820 0.0384562 0.0314649 0.0137586 0.0412896 0.0264671 0.0316164 0.0358539 0.0292658 0.0091394 0.0090945 0.0206502 0.0138219 0.0180927 0.0263288 0.0140454 0.0066890 -0.0744401 -0.0084143 -0.0306927 -0.0348439 -0.0242646 -0.0153655 -0.0154593 -0.0368124 -0.0447865 -0.0316107 0.0135675 -0.0241970 0.0207117 0.0095399 0.0105825 -0.0062615 -0.0117234 0.0033627 -0.0270828 0.0076479 -0.0250229 0.0191465 -0.0289018 -0.0547229 -0.0507518 -0.0156424 -0.0260690 -0.0190139 -0.0378214 -0.0634512 -0.0340496 -0.1408867 -0.1450463 -0.0390681 -0.0448379 -0.0214066 -0.0868985 -0.0532672 -0.1888479 -0.0499457 -0.0917800 -0.0758899 -0.0758342 -0.0308293 -0.1429760 -0.0448627 -0.1700245
0.0652570 0.0699550 0.0714885 0.0659860 0.0713984 0.0717584 0.0766871 0.0766536 0.1109727 0.1109813 0.1094080 0.1145203 0.1193286 0.8730800 0.0742246 0.0701947 -0.0629223 -0.0367927 -0.0312981 -0.0486173 -0.0596068 -0.0261623 -0.0484901 -0.0441673 0.0358623 0.0222711 0.0303599 0.0264553 0.0308997 0.0295338 0.0372798 0.0275875 0.0306914 0.0299682 0.0155374 0.0404819 0.0263245 0.0267801 0.0304276 0.0318327 0.0100681 0.0116572 0.0211410 0.0097054 0.0165965 0.0273267 0.0131169 0.0109500 -0.0724102 -0.0107754 -0.0281157 -0.0369155 -0.0276247 -0.0139753 -0.0159513 -0.0330733 -0.0449075 -0.0310738 0.0129079 -0.0221184 0.0184164 0.0082747 0.0098713 -0.0027211 -0.0133964 0.0003635 -0.0264701 0.0106736 -0.0232874 0.0158122 -0.0293598 -0.0560050 -0.0469895 -0.0153248 -0.0237403 -0.0171359 -0.0337468 -0.0621043 -0.0347411 -0.1361827 -0.1399172 -0.0388460 -0.0408249 -0.0225642 -0.0852857 -0.0511400 -0.1830300 -0.0492820 -0.0912309 -0.0719308 -0.0723327 -0.0280732 -0.1384117 -0.0376276 -0.1650565
0.0681926 0.0697813 0.0742577 0.0671518 0.0707007 0.0720478 0.0706038 0.0750384 0.0770724 0.0702654 0.0752506 0.0722923 0.0743745 0.0742246 0.8616837 0.0731535 -0.0567299 -0.0347890 -0.0303964 -0.0465861 -0.0530926 -0.0199856 -0.0439975 -0.0417922 0.0308430 0.0269928 0.0342279 0.0232380 0.0281668 0.0312103 0.0406214 0.0252678 0.0333386 0.0275879 0.0196987 0.0346548 0.0227640 0.0304229 0.0298173 0.0297762 0.0097222 0.0117214 0.0184269 0.0093920 0.0163640 0.0285520 0.0061037 0.0106826 -0.0660036 -0.0081241 -0.0222151 -0.0344299 -0.0242437 -0.0071475 -0.0114907 -0.0339454 -0.0370614 -0.0228871 0.0140161 -0.0182700 0.0174635 0.0091558 0.0078298 -0.0057418 -0.0126198 -0.0002992 -0.0223110 0.0104432 -0.0240007 0.0164906 -0.0242664 -0.0470178 -0.0422768 -0.0164675 -0.0236996 -0.0200252 -0.0344532 -0.0583636 -0.0306255 -0.1221680 -0.1291253 -0.0303979 -0.0301757 -0.0189905 -0.0735653 -0.0463201 -0.1722429 -0.0421467 -0.0810013 -0.0665727 -0.0674137 -0.0300856 -0.1228343 -0.0420788 -0.1511769
0.0681484 0.0729740 0.0743223 0.0695709 0.0752218 0.0762077 0.0776109 0.0761970 0.0817643 0.0758669 0.0760412 0.0819979 0.0773411 0.0701947 0.0731535 0.8652962 -0.0656510 -0.0376760 -0.0342880 -0.0438341 -0.0568223 -0.0261330 -0.0468785 -0.0428643 0.0353994 0.0324808 0.0356657 0.0245560 0.0315539 0.0331089 0.0429073 0.0333153 0.0423583 0.0279432 0.0203689 0.0412102 0.0237399 0.0311309 0.0320787 0.0289059 0.0134675 0.0139594 0.0240034 0.0066265 0.0163102 0.0300233 0.0123672 0.0084342 -0.0663269 -0.0092589 -0.0234749 -0.0358228 -0.0243762 -0.0076222 -0.0147592 -0.0363827 -0.0407140 -0.0249354 0.0125021 -0.0176596 0.0211518 0.0101882 0.0098004 -0.0029244 -0.0101129 0.0044518 -0.0221594 0.0088926 -0.0250099 0.0179842 -0.0219740 -0.0510271 -0.0427178 -0.0122336 -0.0250024 -0.0131015 -0.0331228 -0.0615623 -0.0305576 -0.1258045 -0.1338086 -0.0317688 -0.0374709 -0.0227712 -0.0747874 -0.0477055 -0.1793820 -0.0439402 -0.0835442 -0.0709564 -0.0715272 -0.0275916 -0.1097218 -0.0459634 -0.1580852
-0.0580911 -0.0647549 -0.0612497 -0.0592221 -0.0680522 -0.0644423 -0.0700974 -0.0678070 -0.0679576 -0.0664686 -0.0652721 -0.0685935 -0.0718747 -0.0629223 -0.0567299 -0.0656510 1.1183394 0.0518050 0.0541263 0.0824521 0.0870158 0.0388110 0.0630242 0.0792714 -0.0531429 -0.0473652 -0.0522730 -0.0354562 -0.0512312 -0.0517404 -0.0651204 -0.0575303 -0.0611291 -0.0285770 -0.0241333 -0.0571684 -0.0373399 -0.0400153 -0.0494117 -0.0493787 -0.0172034 -0.0199394 -0.0455786 -0.0261423 -0.0350319 -0.0360705 -0.0194179 -0.0397172 0.0643694 -0.0148210 0.0078974 0.0253347 -0.0118151 0.0004939 0.0075366 0.0164396 0.0321140 0.0088097 -0.0450694 0.0011024 -0.0406851 -0.0424943 -0.0403358 -0.0208659 -0.0097993 -0.0191443 -0.0036345 -0.0390013 -0.0002275 -0.0394781 0.0008343 0.0348260 0.0336489 -0.0006504 0.0057457 -0.0064317 0.0146815 0.0314488 0.0180213 0.1162105 0.1225651 0.0156785 0.0270277 -0.0012386 0.0650760 0.0224457 0.1723628 0.0261389 0.0729908 0.0257423 0.0286751 -0.0067616 0.1171924 0.0314997 0.1487096
-0.0346074 -0.0328752 -0.0412005 -0.0367359 -0.0381798 -0.0403721 -0.0398190 -0.0429297 -0.0398721 -0.0389046 -0.0392199 -0.0377020 -0.0388235 -0.0367927 -0.0347890 -0.0376760 0.0518050 1.0480258 0.0537608 0.0618059 0.0556141 0.0405773 0.0528682 0.0495002 -0.0344407 -0.0414201 -0.0374561 -0.0327015 -0.0308193 -0.0412683 -0.0460950 -0.0400672 -0.0422645 -0.0187707 -0.0299021 -0.0448729 -0.0297616 -0.0335242 -0.0378297 -0.0406178 -0.0161708 -0.0307068 -0.0269732 -0.0179259 -0.0215045 -0.0341269 -0.0238753 -0.0280851 0.0254173 -0.0161059 0.0043980 -0.0067527 -0.0123316 -0.0014119 -0.0187460 0.0022086 0.0098454 0.0075943 -0.0318443 -0.0040354 -0.0357514 -0.0351233 -0.0343013 -0.0188213 -0.0107314 -0.0225183 -0.0066437 -0.0290426 -0.0141690 -0.0306709 -0.0096262 0.0212634 0.0131669 -0.0054270 -0.0001369 0.0081139 0.0013534 0.0259089 0.0129477 0.0682087 0.0701330 0.0087591 0.0154231 -0.0038598 0.0400570 0.0224900 0.1116072 0.0055630 0.0385624 0.0173668 0.0191926 0.0037163 0.0802058 0.0027813 0.1000135
-0.0339167 -0.0309748 -0.0325954 -0.0313849 -0.0371878 -0.0343818 -0.0334460 -0.0329123 -0.0357986 -0.0376532 -0.0321100 -0.0348776 -0.0360297 -0.0312981 -0.0303964 -0.0342880 0.0541263 0.0537608 1.0502198 0.0534991 0.0646323 0.0406306 0.0446695 0.0493632 -0.0329197 -0.0307480 -0.0289193 -0.0303932 -0.0329350 -0.0397898 -0.0408312 -0.0378993 -0.0405277 -0.0167713 -0.0318874 -0.0334009 -0.0320714 -0.0330254 -0.0374535 -0.0297144 -0.0198699 -0.0272262 -0.0315485 -0.0210565 -0.0091805 -0.0290456 -0.0266720 -0.0235277 0.0318087 -0.0095888 0.0027086 -0.0057454 -0.0028925 -0.0031322 -0.0092873 0.0142433 0.0007204 -0.0002336 -0.0336614 0.0008649 -0.0352672 -0.0316747 -0.0299720 -0.0111542 -0.0136171 -0.0194966 -0.0054329 -0.0237801 -0.0181258 -0.0274764 -0.0165918 0.0038290 0.0088913 -0.0029642 -0.0044232 -0.0025619 0.0034077 0.0132906 0.0017824 0.0671489 0.0749509 -0.0035090 0.0167316 -0.0161844 0.0305217 0.0132729 0.1000629 0.0059238 0.0138721 0.0158717 0.0161946 -0.0005436 0.0697106 0.0045837 0.0802326
-0.0449464 -0.0431506 -0.0519752 -0.0475517 -0.0511153 -0.0502272 -0.0470267 -0.0515267 -0.0453488 -0.0440300 -0.0488326 -0.0476586 -0.0479763 -0.0486173 -0.0465861 -0.0438341 0.0824521 0.0618059 0.0534991 1.1050038 0.0643613 0.0577724 0.0841241 0.0569267 -0.0424073 -0.0402557 -0.0428527 -0.0372490 -0.0437284 -0.0475509 -0.0574157 -0.0470324 -0.0504289 -0.0227054 -0.0331020 -0.0455471 -0.0267838 -0.0412515 -0.0431363 -0.0451707 -0.0307288 -0.0334430 -0.0433382 -0.0257844 -0.0260454 -0.0423321 -0.0352072 -0.0230963 0.0434358 -0.0067322 0.0101693 0.0160396 0.0101794 -0.0051687 -0.0089912 -0.0029418 0.0111802 0.0133939 -0.0347751 0.0059542 -0.0403643 -0.0387567 -0.0377027 -0.0272390 -0.0074609 -0.0252903 -0.0009602 -0.0245506 -0.0172861 -0.0290306 -0.0089486 0.0123005 0.0152545 0.0122614 0.0092989 -0.0123054 0.0011841 0.0231936 0.0029906 0.0853858 0.0709599 0.0014033 -0.0065394 -0.0012876 0.0284968 0.0156383 0.1404946 0.0187351 0.0545507 0.0309225 0.0333465 0.0050189 0.0988383 -0.0117937 0.1187166
-0.0502086 -0.0585773 -0.0589562 -0.0571139 -0.0605533 -0.0601266 -0.0617288 -0.0621371 -0.0620959 -0.0597199 -0.0598038 -0.0636872 -0.0635457 -0.0596068 -0.0530926 -0.0568223 0.0870158 0.0556141 0.0646323 0.0643613 1.1294965 0.0548164 0.0702694 0.0735080 -0.0511430 -0.0417871 -0.0401288 -0.0425682 -0.0476670 -0.0571049 -0.0538027 -0.0549405 -0.0603318 -0.0273189 -0.0373980 -0.0556161 -0.0493663 -0.0418170 -0.0488859 -0.0453105 -0.0202290 -0.0331080 -0.0436675 -0.0269395 -0.0289554 -0.0410033 -0.0299935 -0.0427314 0.0580798 -0.0046240 0.0011476 0.0269793 0.0046422 -0.0133177 -0.0138801 0.0114035 0.0173520 -0.0013963 -0.0453424 -0.0022004 -0.0460445 -0.0334899 -0.0337651 -0.0136411 -0.0104622 -0.0262146 -0.0021973 -0.0451127 -0.0079972 -0.0335971 0.0017108 0.0304939 0.0251455 0.0003081 0.0086030 -0.0159860 0.0115080 0.0489373 0.0049357 0.1051647 0.1119192 0.0097340 0.0138771 0.0047474 0.0519659 0.0161759 0.1710262 0.0251389 0.0709074 0.0330736 0.0346463 0.0157739 0.1180936 0.0306273 0.1377695
-0.0220884 -0.0254917 -0.0278926 -0.0263983 -0.0283605 -0.0285683 -0.0295695 -0.0277698 -0.0311496 -0.0301564 -0.0305741 -0.0277289 -0.0290671 -0.0261623 -0.0199856 -0.0261330 0.0388110 0.0405773 0.0406306 0.0577724 0.0548164 1.0503092 0.0549894 0.0585394 -0.0382876 -0.0263134 -0.0315727 -0.0215921 -0.0343604 -0.0386946 -0.0409825 -0.0341800 -0.0403144 -0.0150475 -0.0261457 -0.0345513 -0.0298223 -0.0257272 -0.0391538 -0.0298621 -0.0216696 -0.0311666 -0.0294250 -0.0197428 -0.0199748 -0.0339180 -0.0287328 -0.0242863 0.0263533 -0.0162803 0.0062555 0.0087039 0.0076449 -0.0095887 -0.0147237 -0.0031963 -0.0043400 0.0074184 -0.0226010 0.0019247 -0.0393048 -0.0260901 -0.0248114 -0.0199289 -0.0226147 -0.0252677 -0.0115410 -0.0245727 -0.0183319 -0.0247198 -0.0203862 0.0061740 0.0046174 -0.0025264 -0.0040279 -0.0086582 0.0018572 0.0273796 0.0203471 0.0536617 0.0461976 -0.0056938 -0.0066515 -0.0004911 0.0181824 0.0095349 0.0875154 0.0051339 0.0224362 0.0163134 0.0189924 -0.0022745 0.0619847 -0.0044700 0.0746252
-0.0463387 -0.0461400 -0.0506736 -0.0455268 -0.0502586 -0.0503183 -0.0508720 -0.0510286 -0.0486608 -0.0479022 -0.0490354 -0.0485946 -0.0498095 -0.0484901 -0.0439975 -0.0468785 0.0630242 0.0528682 0.0446695 0.0841241 0.0702694 0.0549894 1.0823343 0.0634161 -0.0423872 -0.0427752 -0.0443751 -0.0399482 -0.0422334 -0.0477629 -0.0462799 -0.0428491 -0.0484719 -0.0224743 -0.0318709 -0.0517216 -0.0404440 -0.0394297 -0.0477923 -0.0423512 -0.0180486 -0.0286123 -0.0366150 -0.0205323 -0.0297291 -0.0362613 -0.0314803 -0.0273491 0.0359262 -0.0063221 0.0120961 0.0176688 0.0019566 -0.0051172 -0.0117402 0.0097376 0.0042682 0.0218135 -0.0286973 0.0049116 -0.0438282 -0.0331946 -0.0307255 -0.0267404 -0.0152599 -0.0186343 -0.0070220 -0.0289186 -0.0108828 -0.0299112 -0.0129547 0.0198283 0.0114667 0.0082388 -0.0006401 -0.0123927 0.0079764 0.0245653 0.0141819 0.0956452 0.0840621 0.0082651 0.0070418 0.0065046 0.0453622 0.0205846 0.1331626 0.0299262 0.0574778 0.0258931 0.0274990 0.0028015 0.0954941 0.0097171 0.1227314
-0.0371546 -0.0452837 -0.0479364 -0.0400262 -0.0473180 -0.0467731 -0.0524296 -0.0531447 -0.0475312 -0.0440636 -0.0478001 -0.0493247 -0.0488606 -0.0441673 -0.0417922 -0.0428643 0.0792714 0.0495002 0.0493632 0.0569267 0.0735080 0.0585394 0.0634161 1.0718224 -0.0381941 -0.0275887 -0.0423694 -0.0287480 -0.0387183 -0.0445244 -0.0485271 -0.0357865 -0.0492079 -0.0210817 -0.0357980 -0.0432905 -0.0308539 -0.0309835 -0.0384112 -0.0406618 -0.0168169 -0.0284810 -0.0371185 -0.0217807 -0.0202898 -0.0321275 -0.0217660 -0.0351942 0.0297649 -0.0115179 0.0109750 0.0204876 -0.0047668 -0.0071648 0.0000403 0.0036638 0.0110376 0.0076440 -0.0344979 -0.0102390 -0.0355843 -0.0304649 -0.0292480 -0.0260235 -0.0152487 -0.0280129 -0.0056788 -0.0357478 -0.0056520 -0.0232788 -0.0043639 0.0261333 0.0202282 -0.0053343 -0.0003358 -0.0018970 0.0127051 0.0321187 0.0012646 0.0773253 0.0679036 -0.0004011 0.0083024 -0.0057300 0.0453575 0.0098799 0.1252164 0.0073861 0.0358873 0.0314467 0.0329289 -0.0023720 0.0846165 0.0088175 0.1040410
0.0323760 0.0329278 0.0319206 0.0340192 0.0377808 0.0378511 0.0349009 0.0361925 0.0374768 0.0333039 0.0345984 0.0334673 0.0331760 0.0358623 0.0308430 0.0353994 -0.0531429 -0.0344407 -0.0329197 -0.0424073 -0.0511430 -0.0382876 -0.0423872 -0.0381941 0.8506924 0.0239611 0.0299238 0.0437371 0.0577804 0.0700684 0.0723528 0.0491405 0.0307999 0.0193237 0.0151651 0.0324848 0.0204987 0.0203118 0.0186015 0.0280566 0.0055071 0.0074995 0.0188245 0.0073238 0.0158346 0.0213701 0.0055772 0.0033629 -0.0512075 -0.0124347 -0.0234275 -0.0226115 -0.0231117 -0.0078263 -0.0175436 -0.0168912 -0.0249057 -0.0227791 0.0100414 -0.0139728 0.0084863 0.0011145 0.0014282 0.0030691 -0.0051579 0.0051741 -0.0139751 0.0045752 -0.0072283 0.0170337 -0.0125744 -0.0337862 -0.0345133 -0.0134522 -0.0175620 -0.0060738 -0.0245375 -0.0389050 -0.0288910 -0.0841590 -0.0998741 -0.0216630 -0.0177075 -0.0090306 -0.0590923 -0.0347968 -0.1298153 -0.0259735 -0.0556755 -0.0492961 -0.0502874 -0.0165779 -0.0973543 -0.0268219 -0.1183389
0.0276627 0.0285016 0.0283489 0.0264722 0.0295840 0.0323082 0.0299412 0.0334023 0.0268387 0.0277821 0.0273913 0.0255761 0.0273143 0.0222711 0.0269928 0.0324808 -0.0473652 -0.0414201 -0.0307480 -0.0402557 -0.0417871 -0.0263134 -0.0427752 -0.0275887 0.0239611 0.8696265 0.0649136 0.0150908 0.0337511 0.0227469 0.0321354 0.0239911 0.0276997 0.0169528 0.0084505 0.0297604 0.0136822 0.0158275 0.0200098 0.0253391 0.0036637 0.0108379 0.0102582 0.0006110 0.0056638 0.0203032 0.0078177 0.0010715 -0.0402679 -0.0019782 -0.0146674 -0.0209461 -0.0063936 0.0009313 -0.0001027 -0.0235962 -0.0205433 -0.0155850 0.0105040 -0.0085530 0.0227523 0.0101617 0.0091723 0.0005980 -0.0049632 0.0018512 -0.0176322 0.0009332 -0.0130831 0.0112650 -0.0162266 -0.0321946 -0.0212800 -0.0067470 -0.0088723 -0.0128128 -0.0182030 -0.0390606 -0.0175084 -0.0690832 -0.0796411 -0.0128091 -0.0217539 -0.0054461 -0.0421513 -0.0189433 -0.1260486 -0.0232804 -0.0531102 -0.0422803 -0.0420127 -0.0114555 -0.0779260 -0.0277628 -0.0980602
0.0294977 0.0316229 0.0352637 0.0328056 0.0369448 0.0356299 0.0343844 0.0345459 0.0347580 0.0313139 0.0325762 0.0334376 0.0369974 0.0303599 0.0342279 0.0356657 -0.0522730 -0.0374561 -0.0289193 -0.0428527 -0.0401288 -0.0315727 -0.0443751 -0.0423694 0.0299238 0.0649136 0.8624043 0.0234935 0.0292823 0.0349900 0.0326562 0.0332329 0.0252869 0.0180740 0.0112069 0.0243229 0.0216504 0.0167616 0.0197517 0.0267763 0.0059908 0.0095936 0.0159910 0.0075326 0.0097403 0.0161387 0.0096739 0.0040314 -0.0480860 -0.0065011 -0.0256748 -0.0185171 -0.0168129 -0.0106073 -0.0105218 -0.0259906 -0.0242984 -0.0140442 0.0098436 -0.0032298 0.0160894 0.0086213 0.0077992 0.0093467 0.0014317 -0.0020287 -0.0130280 0.0034019 -0.0111892 0.0174125 -0.0073108 -0.0329687 -0.0347066 -0.0090675 -0.0101528 -0.0089443 -0.0237014 -0.0407932 -0.0214423 -0.0887475 -0.0940721 -0.0150930 -0.0206751 -0.0110289 -0.0439162 -0.0275036 -0.1241994 -0.0286628 -0.0532917 -0.0489560 -0.0501781 -0.0160221 -0.0869934 -0.0223850 -0.1044892
0.0191148 0.0211834 0.0269284 0.0258801 0.0246265 0.0245613 0.0252885 0.0255019 0.0272997 0.0272958 0.0284610 0.0262541 0.0260394 0.0264553 0.0232380 0.0245560 -0.0354562 -0.0327015 -0.0303932 -0.0372490 -0.0425682 -0.0215921 -0.0399482 -0.0287480 0.0437371 0.0150908 0.0234935 0.8773388 0.0606607 0.0391831 0.0360332 0.0494991 0.0115043 0.0152534 0.0054561 0.0247508 0.0186397 0.0153828 0.0167985 0.0081217 0.0150673 0.0118643 0.0154585 0.0043098 0.0066090 0.0251308 0.0215166 0.0069260 -0.0457401 -0.0128730 -0.0085151 -0.0155880 -0.0078957 0.0060486 -0.0085424 -0.0274233 -0.0159670 -0.0189521 0.0101898 -0.0153015 0.0136545 0.0084958 0.0082906 0.0025713 -0.0053693 -0.0013049 -0.0224633 0.0073081 -0.0097653 0.0144581 -0.0164098 -0.0226966 -0.0146260 -0.0143342 -0.0144953 -0.0091082 -0.0222795 -0.0389845 -0.0250655 -0.0730164 -0.0770517 -0.0179955 -0.0169705 -0.0112522 -0.0464402 -0.0250601 -0.1059293 -0.0246052 -0.0593469 -0.0453694 -0.0450706 -0.0245624 -0.0836016 -0.0263352 -0.0948668
0.0254738 0.0273387 0.0282083 0.0283281 0.0296069 0.0311658 0.0284304 0.0290269 0.0306015 0.0290968 0.0330078 0.0290434 0.0305292 0.0308997 0.0281668 0.0315539 -0.0512312 -0.0308193 -0.0329350 -0.0437284 -0.0476670 -0.0343604 -0.0422334 -0.0387183 0.0577804 0.0337511 0.0292823 0.0606607 0.8733091 0.0499337 0.0439119 0.0600719 0.0183308 0.0174374 0.0087568 0.0230620 0.0144360 0.0189729 0.0202294 0.0165186 0.0079593 -0.0004792 0.0124532 0.0036124 0.0055010 0.0166732 0.0049530 0.0039189 -0.0302176 -0.0117241 -0.0139461 -0.0332936 -0.0093193 0.0011683 -0.0107810 -0.0232807 -0.0203979 -0.0113818 0.0105542 -0.0125827 0.0209822 0.0122525 0.0117395 0.0083478 -0.0066345 0.0042502 -0.0163394 0.0021828 -0.0139625 0.0151635 -0.0131220 -0.0272273 -0.0267299 -0.0102789 -0.0143518 -0.0109189 -0.0219632 -0.0401277 -0.0186410 -0.0767264 -0.0819366 -0.0147381 -0.0253601 -0.0091745 -0.0514584 -0.0353607 -0.1201563 -0.0338278 -0.0532256 -0.0425357 -0.0422396 -0.0209428 -0.0882080 -0.0282373 -0.1019009
0.0269869 0.0299189 0.0345810 0.0303116 0.0339124 0.0350483 0.0354876 0.0331711 0.0345710 0.0310896 0.0331213 0.0311904 0.0325790 0.0295338 0.0312103 0.0331089 -0.0517404 -0.0412683 -0.0397898 -0.0475509 -0.0571049 -0.0386946 -0.0477629 -0.0445244 0.0700684 0.0227469 0.0349900 0.0391831 0.0499337 0.8651582 0.0681282 0.0458787 0.0172219 0.0188304 0.0131014 0.0274269 0.0213218 0.0301321 0.0178203 0.0266643 0.0059719 0.0111500 0.0225517 0.0087455 0.0146255 0.0202319 0.0121959 0.0169321 -0.0474879 -0.0131769 -0.0228868 -0.0208983 -0.0124894 -0.0048120 -0.0020652 -0.0259477 -0.0279591 -0.0195715 0.0085849 -0.0158182 0.0224917 0.0140588 0.0145895 0.0096617 -0.0088570 0.0028385 -0.0151420 0.0172658 -0.0063699 0.0225916 -0.0110959 -0.0342932 -0.0248712 -0.0174451 -0.0233444 0.0027861 -0.0284153 -0.0404582 -0.0225016 -0.0879323 -0.0933548 -0.0133277 -0.0189401 -0.0131534 -0.0513254 -0.0271748 -0.1339210 -0.0281455 -0.0608555 -0.0476776 -0.0479251 -0.0193453 -0.0933433 -0.0273552 -0.1155621
0.0392518 0.0397245 0.0449243 0.0398804 0.0463725 0.0407866 0.0438495 0.0443336 0.0426308 0.0388923 0.0433219 0.0412595 0.0416805 0.0372798 0.0406214 0.0429073 -0.0651204 -0.0460950 -0.0408312 -0.0574157 -0.0538027 -0.0409825 -0.0462799 -0.0485271 0.0723528 0.0321354 0.0326562 0.0360332 0.0439119 0.0681282 0.8545718 0.0459746 0.0294584 0.0228240 0.0146184 0.0367650 0.0269331 0.0303938 0.0289866 0.0300312 0.0130690 0.0105137 0.0249716 0.0075807 0.0152903 0.0315578 0.0116316 0.0142021 -0.0619987 -0.0039875 -0.0212757 -0.0162188 -0.0136183 -0.0044584 -0.0038959 -0.0229910 -0.0345086 -0.0244148 0.0230899 -0.0162680 0.0175482 0.0091145 0.0097990 -0.0003175 -0.0052259 0.0033354 -0.0173601 0.0144592 -0.0104551 0.0299679 -0.0160550 -0.0421796 -0.0317322 -0.0089408 -0.0128873 -0.0104920 -0.0273214 -0.0489538 -0.0278121 -0.1005964 -0.1121046 -0.0223549 -0.0250966 -0.0087209 -0.0645279 -0.0356489 -0.1494881 -0.0315375 -0.0685308 -0.0516248 -0.0526473 -0.0198012 -0.1137691 -0.0205810 -0.1348704
0.0257425 0.0297825 0.0291763 0.0283609 0.0314405 0.0294442 0.0305581 0.0319327 0.0321913 0.0295699 0.0288014 0.0295039 0.0303820 0.0275875 0.0252678 0.0333153 -0.0575303 -0.0400672 -0.0378993 -0.0470324 -0.0549405 -0.0341800 -0.0428491 -0.0357865 0.0491405 0.0239911 0.0332329 0.0494991 0.0600719 0.0458787 0.0459746 0.8693925 0.0248024 0.0168775 0.0044513 0.0299585 0.0190378 0.0181859 0.0239032 0.0153771 0.0027035 0.0080168 0.0122738 0.0050976 0.0080670 0.0220544 0.0114248 0.0043141 -0.0454999 -0.0059448 -0.0208805 -0.0150021 -0.0178367 0.0029772 -0.0049827 -0.0175421 -0.0239024 -0.0109896 0.0048391 -0.0060691 0.0171220 0.0172497 0.0164029 0.0003716 -0.0081500 0.0007940 -0.0067418 0.0044357 -0.0069757 0.0172673 -0.0011108 -0.0279740 -0.0241566 -0.0174818 -0.0198276 -0.0001222 -0.0189450 -0.0384949 -0.0246449 -0.0751364 -0.0838326 -0.0166252 -0.0256950 -0.0121819 -0.0484188 -0.0303724 -0.1137424 -0.0329443 -0.0494470 -0.0552645 -0.0555626 -0.0209090 -0.0799312 -0.0148261 -0.1016057
0.0312301 0.0300580 0.0358292 0.0334119 0.0354278 0.0379133 0.0362072 0.0383574 0.0367260 0.0350159 0.0355255 0.0354242 0.0384562 0.0306914 0.0333386 0.0423583 -0.0611291 -0.0422645 -0.0405277 -0.0504289 -0.0603318 -0.0403144 -0.0484719 -0.0492079 0.0307999 0.0276997 0.0252869 0.0115043 0.0183308 0.0172219 0.0294584 0.0248024 0.8527036 0.0194464 0.0209222 0.0416394 0.0195584 0.0334481 0.0361040 0.0367454 0.0073598 0.0151940 0.0236861 0.0109196 0.0149602 0.0163674 0.0071875 0.0163238 -0.0484832 0.0045055 -0.0166857 -0.0235386 -0.0118317 -0.0031931 -0.0050207 -0.0200960 -0.0243800 -0.0194078 0.0204088 -0.0148517 0.0182634 0.0118231 0.0111714 0.0065583 -0.0012378 0.0073912 -0.0090599 0.0150525 -0.0080103 0.0185786 -0.0124119 -0.0322427 -0.0325024 -0.0047520 -0.0130227 -0.0086057 -0.0205823 -0.0403879 -0.0232257 -0.0845215 -0.0912880 -0.0182789 -0.0231115 -0.0111462 -0.0504382 -0.0215353 -0.1402250 -0.0230878 -0.0556070 -0.0468087 -0.0475758 -0.0177022 -0.1018329 -0.0321909 -0.1074687
0.0274998 0.0293251 0.0313677 0.0277985 0.0316889 0.0312630 0.0326059 0.0323176 0.0312424 0.0300153 0.0298856 0.0310728 0.0314649 0.0299682 0.0275879 0.0279432 -0.0285770 -0.0187707 -0.0167713 -0.0227054 -0.0273189 -0.0150475 -0.0224743 -0.0210817 0.0193237 0.0169528 0.0180740 0.0152534 0.0174374 0.0188304 0.0228240 0.0168775 0.0194464 0.9531596 0.0108538 0.0210734 0.0149169 0.0157395 0.0173928 0.0170753 0.0083103 0.0091514 0.0133754 0.0057340 0.0099767 0.0148774 0.0088995 0.0100043 -0.0289236 -0.0009765 -0.0078336 -0.0122620 -0.0063399 -0.0009874 -0.0027512 -0.0125554 -0.0139920 -0.0097808 0.0117430 -0.0056633 0.0145176 0.0106073 0.0104511 0.0029908 -0.0006074 0.0046076 -0.0068960 0.0103016 -0.0053968 0.0125347 -0.0070279 -0.0195402 -0.0168009 -0.0029750 -0.0061364 -0.0039167 -0.0114669 -0.0239743 -0.0109097 -0.0565951 -0.0605240 -0.0106912 -0.0131612 -0.0041499 -0.0311567 -0.0177144 -0.0818978 -0.0157535 -0.0356575 -0.0269379 -0.0274121 -0.0093534 -0.0579421 -0.0155819 -0.0706826
0.0155981 0.0154711 0.0195571 0.0173047 0.0153708 0.0134980 0.0175054 0.0167399 0.0142332 0.0165986 0.0161003 0.0195987 0.0137586 0.0155374 0.0196987 0.0203689 -0.0241333 -0.0299021 -0.0318874 -0.0331020 -0.0373980 -0.0261457 -0.0318709 -0.0357980 0.0151651 0.0084505 0.0112069 0.0054561 0.0087568 0.0131014 0.0146184 0.0044513 0.0209222 0.0108538 0.8848628 0.0219999 0.0168863 0.0148751 0.0080373 0.0153299 -0.0024264 0.0010204 0.0134344 -0.0075275 0.0035396 0.0049556 0.0002102 0.0034431 -0.0266881 -0.0056020 -0.0072990 -0.0173390 -0.0079395 -0.0010508 -0.0060445 -0.0149300 -0.0053748 -0.0044672 0.0082414 -0.0040083 0.0063649 0.0006536 -0.0002789 0.0029940 -0.0050237 0.0051156 -0.0103167 0.0036720 -0.0093625 0.0138485 -0.0043056 -0.0169033 -0.0197387 -0.0073068 -0.0103426 -0.0057717 -0.0067016 -0.0199157 -0.0057239 -0.0526283 -0.0552512 -0.0091419 -0.0024343 -0.0001376 -0.0265094 -0.0179526 -0.0790127 -0.0189638 -0.0248670 -0.0305209 -0.0310908 -0.0080716 -0.0609810 -0.0103285 -0.0643359
0.0358887 0.0369630 0.0433310 0.0359529 0.0438008 0.0397619 0.0419667 0.0439005 0.0410266 0.0411543 0.0429955 0.0445443 0.0412896 0.0404819 0.0346548 0.0412102 -0.0571684 -0.0448729 -0.0334009 -0.0455471 -0.0556161 -0.0345513 -0.0517216 -0.0432905 0.0324848 0.0297604 0.0243229 0.0247508 0.0230620 0.0274269 0.0367650 0.0299585 0.0416394 0.0210734 0.0219999 0.8613571 0.0314992 0.0281215 0.0347081 0.0316386 0.0092155 0.0121947 0.0237382 0.0082711 0.0124360 0.0224926 0.0137807 0.0064930 -0.0461953 -0.0012670 -0.0169953 -0.0247603 -0.0082998 -0.0040870 -0.0101295 -0.0112438 -0.0280818 -0.0219952 0.0217671 -0.0141925 0.0210249 0.0165431 0.0159446 0.0037853 0.0031665 0.0108510 -0.0140938 0.0091695 -0.0106750 0.0253690 -0.0131254 -0.0307414 -0.0281660 -0.0114328 -0.0122881 -0.0088123 -0.0230571 -0.0423057 -0.0253219 -0.1002620 -0.1035637 -0.0174871 -0.0202563 -0.0136195 -0.0530009 -0.0358538 -0.1421416 -0.0283321 -0.0656535 -0.0516245 -0.0526104 -0.0204250 -0.1059221 -0.0302166 -0.1259668
0.0239204 0.0234165 0.0300215 0.0250490 0.0269163 0.0217829 0.0225204 0.0257326 0.0257811 0.0212754 0.0277344 0.0268816 0.0264671 0.0263245 0.0227640 0.0237399 -0.0373399 -0.0297616 -0.0320714 -0.0267838 -0.0493663 -0.0298223 -0.0404440 -0.0308539 0.0204987 0.0136822 0.0216504 0.0186397 0.0144360 0.0213218 0.0269331 0.0190378 0.0195584 0.0149169 0.0168863 0.0314992 0.8701832 0.0201043 0.0278695 0.0208158 -0.0015963 0.0019124 0.0159224 -0.0015447 0.0108187 0.0120813 0.0022192 0.0044701 -0.0355917 -0.0063909 -0.0131614 -0.0120543 -0.0109306 -0.0032292 0.0004799 -0.0261368 -0.0199407 -0.0146437 0.0171214 -0.0052088 0.0110474 0.0054750 0.0060835 -0.0009166 0.0042651 -0.0002931 -0.0105029 0.0052837 -0.0064594 0.0228805 -0.0115609 -0.0219352 -0.0207983 -0.0060270 -0.0070386 -0.0047882 -0.0136229 -0.0331295 -0.0227215 -0.0864131 -0.0889777 -0.0168793 -0.0225985 -0.0065636 -0.0355909 -0.0290829 -0.1058385 -0.0130870 -0.0401447 -0.0377322 -0.0386023 -0.0127269 -0.0803892 -0.0182810 -0.0934216
0.0260532 0.0300059 0.0273173 0.0308573 0.0302555 0.0255803 0.0293392 0.0308363 0.0286652 0.0269701 0.0290421 0.0263286 0.0316164 0.0267801 0.0304229 0.0311309 -0.0400153 -0.0335242 -0.0330254 -0.0412515 -0.0418170 -0.0257272 -0.0394297 -0.0309835 0.0203118 0.0158275 0.0167616 0.0153828 0.0189729 0.0301321 0.0303938 0.0181859 0.0334481 0.0157395 0.0148751 0.0281215 0.0201043 0.8772489 0.0243477 0.0320518 0.0034493 0.0113055 0.0253805 0.0053653 0.0072354 0.0143448 0.0112015 0.0073455 -0.0399752 -0.0016670 -0.0102606 -0.0116281 -0.0097607 -0.0077238 0.0003243 -0.0173256 -0.0220296 -0.0089265 0.0111995 -0.0171860 0.0124708 0.0067713 0.0070976 0.0021057 -0.0045892 0.0064342 -0.0084333 0.0060465 -0.0026658 0.0215744 -0.0107737 -0.0316957 -0.0237251 -0.0056030 -0.0105608 -0.0083968 -0.0192834 -0.0258827 -0.0156990 -0.0776959 -0.0917694 -0.0134884 -0.0230522 -0.0022084 -0.0373595 -0.0318625 -0.1113290 -0.0220822 -0.0445489 -0.0306907 -0.0332195 -0.0181532 -0.0864588 -0.0211118 -0.1004558
0.0293862 0.0324438 0.0325555 0.0315205 0.0367076 0.0281105 0.0333953 0.0347322 0.0302932 0.0325197 0.0332404 0.0323951 0.0358539 0.0304276 0.0298173 0.0320787 -0.0494117 -0.0378297 -0.0374535 -0.0431363 -0.0488859 -0.0391538 -0.0477923 -0.0384112 0.0186015 0.0200098 0.0197517 0.0167985 0.0202294 0.0178203 0.0289866 0.0239032 0.0361040 0.0173928 0.0080373 0.0347081 0.0278695 0.0243477 0.8600641 0.0269748 0.0039474 0.0056853 0.0154051 0.0092625 0.0056890 0.0241305 0.0106155 0.0110029 -0.0504657 0.0003899 -0.0161043 -0.0096023 -0.0128366 -0.0029711 0.0040456 -0.0158847 -0.0166626 -0.0237886 0.0122337 -0.0199860 0.0176172 0.0086630 0.0080307 0.0057240 0.0006817 0.0053079 -0.0157022 0.0110084 -0.0124637 0.0124436 -0.0147713 -0.0333032 -0.0294245 -0.0084860 -0.0107315 -0.0104823 -0.0076452 -0.0379260 -0.0166876 -0.0756288 -0.0849917 -0.0216100 -0.0259123 -0.0044133 -0.0507845 -0.0259057 -0.1288784 -0.0252207 -0.0589149 -0.0380490 -0.0390002 -0.0142351 -0.0930760 -0.0316842 -0.0998503
0.0252958 0.0295577 0.0328105 0.0286112 0.0305353 0.0300359 0.0345990 0.0331149 0.0300993 0.0316531 0.0299904 0.0286666 0.0292658 0.0318327 0.0297762 0.0289059 -0.0493787 -0.0406178 -0.0297144 -0.0451707 -0.0453105 -0.0298621 -0.0423512 -0.0406618 0.0280566 0.0253391 0.0267763 0.0081217 0.0165186 0.0266643 0.0300312 0.0153771 0.0367454 0.0170753 0.0153299 0.0316386 0.0208158 0.0320518 0.0269748 0.8627353 0.0013864 0.0127543 0.0162765 0.0082352 0.0136688 0.0205892 0.0052338 0.0143356 -0.0495910 -0.0029476 -0.0144063 -0.0144657 -0.0082877 -0.0099157 -0.0051669 -0.0158603 -0.0202369 -0.0142353 0.0101047 -0.0099087 0.0151786 0.0055771 0.0061054 -0.0002721 -0.0043776 0.0044646 -0.0106391 0.0144408 -0.0026036 0.0138790 -0.0139928 -0.0311884 -0.0302367 -0.0071963 -0.0097937 -0.0121269 -0.0180586 -0.0393784 -0.0169731 -0.0811969 -0.0921436 -0.0176365 -0.0213816 -0.0015949 -0.0478819 -0.0247185 -0.1236382 -0.0163676 -0.0545713 -0.0419566 -0.0417768 -0.0156014 -0.0854343 -0.0181289 -0.1036843
