0.8822491 0.1461778 0.1042891 0.1324005 0.1102328 0.1031100 0.1054442 0.1137632 0.1062537 0.1038303 0.1065374 0.1139112 0.1014562 0.1007677 0.0929998 0.0946308 -0.0198802 0.0070925 0.0093724 0.0039724 -0.0016539 0.0265846 0.0028348 0.0058926 0.0158156 0.0107583 0.0151468 -0.0000257 0.0043742 -0.0004171 0.0139475 -0.0022752 0.0126306 0.0170404 0.0002683 0.0163325 0.0084659 0.0098924 0.0167722 0.0106395 -0.0014703 -0.0085976 -0.0020754 -0.0010342 0.0149551 0.0043431 -0.0044674 -0.0121754 -0.0626355 -0.0152800 -0.0321482 -0.0413510 -0.0326357 -0.0195755 -0.0343391 -0.0349481 -0.0533100 -0.0421011 -0.0176896 -0.0326762 -0.0198126 -0.0344586 -0.0355191 -0.0106959 -0.0336647 -0.0156695 -0.0440778 -0.0121903 -0.0481650 0.0005727 -0.0426958 -0.0629286 -0.0541197 -0.0188558 -0.0375241 -0.0342509 -0.0397211 -0.0591446 -0.0396216 -0.1183804 -0.1260403 -0.0576827 -0.0485423 -0.0361882 -0.0824428 -0.0627430 -0.1547648 -0.0542254 -0.0830275 -0.0557360 -0.0562071 -0.0382456 -0.1083333 -0.0551324 -0.1418260
0.1461778 0.8823031 0.1056002 0.1419637 0.1114609 0.1100228 0.1111872 0.1153744 0.1088348 0.1071826 0.1120132 0.1144989 0.1089122 0.1047145 0.0946030 0.0997407 -0.0266628 0.0080937 0.0117512 0.0048919 -0.0096719 0.0215287 0.0029244 -0.0030959 0.0171344 0.0120918 0.0180379 0.0032766 0.0070639 0.0033680 0.0153731 0.0030431 0.0120667 0.0183087 0.0005017 0.0180231 0.0082827 0.0137352 0.0201097 0.0152627 0.0021060 -0.0069897 -0.0021229 0.0020658 0.0131087 0.0070080 -0.0095935 -0.0179373 -0.0667424 -0.0117381 -0.0345391 -0.0430047 -0.0353153 -0.0211666 -0.0339363 -0.0371579 -0.0574495 -0.0420906 -0.0165701 -0.0323397 -0.0215362 -0.0315031 -0.0325933 -0.0121361 -0.0305271 -0.0156649 -0.0404202 -0.0168098 -0.0498633 0.0015065 -0.0442436 -0.0649171 -0.0555371 -0.0221226 -0.0382597 -0.0287470 -0.0436208 -0.0641661 -0.0390457 -0.1265537 -0.1318652 -0.0581277 -0.0509930 -0.0403700 -0.0894235 -0.0624612 -0.1610001 -0.0523066 -0.0893739 -0.0646827 -0.0657244 -0.0391959 -0.1151933 -0.0539898 -0.1462542
0.1042891 0.1056002 0.8806375 0.1032555 0.1590251 0.1497604 0.1700939 0.1599735 0.1127627 0.1122892 0.1161882 0.1172694 0.1130903 0.1096628 0.1010912 0.1031949 -0.0210088 0.0028090 0.0130003 -0.0020251 -0.0068651 0.0211672 0.0004979 -0.0035017 0.0162277 0.0108000 0.0208824 0.0076714 0.0069367 0.0069142 0.0194712 0.0012980 0.0164312 0.0198599 0.0038934 0.0231785 0.0139212 0.0103480 0.0193829 0.0178379 0.0058819 -0.0038784 -0.0027774 -0.0004108 0.0180280 0.0120172 -0.0060616 -0.0175734 -0.0724593 -0.0183161 -0.0324043 -0.0457770 -0.0357365 -0.0222781 -0.0361657 -0.0373882 -0.0564818 -0.0460549 -0.0252417 -0.0366293 -0.0273846 -0.0421559 -0.0421786 -0.0186069 -0.0371388 -0.0203764 -0.0431182 -0.0170294 -0.0494974 -0.0018956 -0.0450628 -0.0648717 -0.0580884 -0.0211495 -0.0371438 -0.0351168 -0.0463991 -0.0684259 -0.0419499 -0.1335111 -0.1437905 -0.0597549 -0.0492596 -0.0422860 -0.0910937 -0.0632578 -0.1663618 -0.0648831 -0.0929438 -0.0657303 -0.0665641 -0.0423174 -0.1230594 -0.0566913 -0.1561660
0.1324005 0.1419637 0.1032555 0.8933952 0.1052583 0.1039653 0.1023684 0.1111067 0.1048302 0.0989318 0.1069314 0.1073469 0.0988322 0.1001152 0.0908625 0.0944868 -0.0251983 0.0020026 0.0092955 -0.0008594 -0.0117654 0.0193368 0.0004824 -0.0001431 0.0179910 0.0103718 0.0187641 0.0072872 0.0082526 0.0040729 0.0160589 0.0011855 0.0159094 0.0189249 0.0027316 0.0175478 0.0103389 0.0162518 0.0198504 0.0148496 0.0019259 -0.0048616 0.0055224 0.0028297 0.0181093 0.0075954 -0.0069486 -0.0096287 -0.0632893 -0.0111022 -0.0275298 -0.0435651 -0.0307942 -0.0205547 -0.0298553 -0.0365537 -0.0519224 -0.0380239 -0.0147477 -0.0286531 -0.0215572 -0.0330408 -0.0330137 -0.0088968 -0.0266348 -0.0174749 -0.0442634 -0.0079606 -0.0480580 0.0046199 -0.0431689 -0.0614686 -0.0555926 -0.0184606 -0.0348834 -0.0319235 -0.0418940 -0.0587225 -0.0374659 -0.1248678 -0.1309655 -0.0579551 -0.0443308 -0.0348538 -0.0870936 -0.0633938 -0.1611818 -0.0535962 -0.0867641 -0.0516418 -0.0509080 -0.0356844 -0.1149675 -0.0534716 -0.1434550
0.1102328 0.1114609 0.1590251 0.1052583 0.8981687 0.1697724 0.1736334 0.1711516 0.1175222 0.1149857 0.1197863 0.1227198 0.1154855 0.1141610 0.1006729 0.1069548 -0.0238733 0.0113285 0.0143828 0.0065103 -0.0028600 0.0289252 0.0076609 0.0031107 0.0188487 0.0095877 0.0200358 0.0022706 0.0049495 0.0020761 0.0174263 -0.0009096 0.0135868 0.0196434 -0.0025312 0.0207522 0.0082332 0.0113123 0.0217983 0.0132450 0.0076197 -0.0068161 -0.0049287 0.0009432 0.0176906 0.0059764 -0.0074276 -0.0197169 -0.0693006 -0.0160360 -0.0361124 -0.0439813 -0.0380899 -0.0227146 -0.0384071 -0.0401094 -0.0592848 -0.0471655 -0.0239027 -0.0429789 -0.0267913 -0.0377866 -0.0408389 -0.0172878 -0.0319911 -0.0187582 -0.0469723 -0.0198465 -0.0533685 0.0023495 -0.0488562 -0.0710725 -0.0629500 -0.0206520 -0.0380304 -0.0364447 -0.0489231 -0.0692241 -0.0429248 -0.1358755 -0.1475172 -0.0634448 -0.0547935 -0.0442212 -0.0923531 -0.0657134 -0.1675159 -0.0628483 -0.0925409 -0.0599497 -0.0608982 -0.0415146 -0.1227300 -0.0645050 -0.1537955
0.1031100 0.1100228 0.1497604 0.1039653 0.1697724 0.8855692 0.1648321 0.1627632 0.1149728 0.1122541 0.1165440 0.1218380 0.1111302 0.1111339 0.0997946 0.1063117 -0.0205573 0.0051163 0.0123436 0.0002546 -0.0063261 0.0207222 0.0025555 -0.0007587 0.0233775 0.0150607 0.0218775 0.0060455 0.0101553 0.0083116 0.0155768 0.0029648 0.0181171 0.0185032 -0.0022692 0.0196479 0.0055103 0.0076586 0.0142318 0.0145251 0.0081386 -0.0043038 -0.0012999 0.0003224 0.0176858 0.0090531 -0.0039332 -0.0263297 -0.0697141 -0.0201769 -0.0417517 -0.0406301 -0.0411608 -0.0193695 -0.0380758 -0.0356963 -0.0638870 -0.0473719 -0.0290592 -0.0405409 -0.0294390 -0.0448179 -0.0464844 -0.0154850 -0.0346389 -0.0130107 -0.0431030 -0.0249612 -0.0443530 0.0028643 -0.0463559 -0.0662479 -0.0600927 -0.0212174 -0.0387033 -0.0334572 -0.0449336 -0.0731086 -0.0413844 -0.1302781 -0.1424051 -0.0573007 -0.0475982 -0.0407422 -0.0896011 -0.0592978 -0.1635586 -0.0632751 -0.0901550 -0.0787643 -0.0794366 -0.0411721 -0.1178504 -0.0607673 -0.1512200
0.1054442 0.1111872 0.1700939 0.1023684 0.1736334 0.1648321 0.8785484 0.1781598 0.1161961 0.1151762 0.1193381 0.1238631 0.1131769 0.1157892 0.0981245 0.1075281 -0.0303415 0.0034126 0.0119693 0.0026703 -0.0104612 0.0196751 0.0002699 -0.0083894 0.0193391 0.0117816 0.0197823 0.0054445 0.0067018 0.0078060 0.0181892 0.0014267 0.0170515 0.0212748 0.0016879 0.0213594 0.0063402 0.0124836 0.0203482 0.0195880 0.0060359 -0.0085959 -0.0018059 0.0002457 0.0148600 0.0053858 -0.0077601 -0.0193532 -0.0704572 -0.0168133 -0.0376557 -0.0464089 -0.0395408 -0.0222258 -0.0400460 -0.0375901 -0.0585653 -0.0489009 -0.0298134 -0.0473920 -0.0337694 -0.0449415 -0.0474991 -0.0143205 -0.0301069 -0.0134489 -0.0419596 -0.0188479 -0.0494798 0.0043155 -0.0467724 -0.0704366 -0.0622475 -0.0224392 -0.0391278 -0.0348095 -0.0503644 -0.0686229 -0.0442351 -0.1361926 -0.1464100 -0.0617920 -0.0493575 -0.0459636 -0.0921772 -0.0649672 -0.1747914 -0.0656894 -0.0939294 -0.0616700 -0.0624703 -0.0421565 -0.1266048 -0.0643534 -0.1609013
0.1137632 0.1153744 0.1599735 0.1111067 0.1711516 0.1627632 0.1781598 0.8955995 0.1224760 0.1174863 0.1241527 0.1311791 0.1164876 0.1198888 0.1054754 0.1087169 -0.0234207 0.0054168 0.0177325 0.0033921 -0.0053630 0.0264689 0.0053577 -0.0048148 0.0194842 0.0135467 0.0186598 0.0038210 0.0053168 0.0032823 0.0166729 0.0013527 0.0170196 0.0202133 -0.0003603 0.0217901 0.0078833 0.0124568 0.0201478 0.0165560 0.0070366 -0.0091935 -0.0020589 0.0022649 0.0141675 0.0088779 -0.0088334 -0.0202634 -0.0712515 -0.0168954 -0.0413312 -0.0407972 -0.0417667 -0.0211483 -0.0375098 -0.0385561 -0.0623872 -0.0523983 -0.0344478 -0.0436329 -0.0351771 -0.0504751 -0.0525291 -0.0193940 -0.0347192 -0.0144598 -0.0458425 -0.0205610 -0.0481665 0.0019584 -0.0467526 -0.0686426 -0.0626687 -0.0197021 -0.0425110 -0.0359287 -0.0493262 -0.0719705 -0.0442697 -0.1355778 -0.1454758 -0.0646370 -0.0494795 -0.0449299 -0.0889966 -0.0662838 -0.1711144 -0.0609358 -0.0946009 -0.0653679 -0.0668855 -0.0416483 -0.1252611 -0.0600443 -0.1554898
0.1062537 0.1088348 0.1127627 0.1048302 0.1175222 0.1149728 0.1161961 0.1224760 0.9000871 0.1577657 0.1703313 0.1649982 0.1599501 0.1544843 0.1079470 0.1151276 -0.0199825 0.0104608 0.0162139 0.0100478 -0.0029736 0.0236804 0.0093269 0.0024189 0.0215541 0.0074445 0.0196350 0.0068101 0.0076751 0.0051981 0.0154165 0.0035424 0.0146260 0.0176360 -0.0029069 0.0191090 0.0076168 0.0092405 0.0149108 0.0127806 0.0060392 -0.0134098 -0.0071469 0.0074970 0.0201121 0.0087717 -0.0021359 -0.0253023 -0.0688685 -0.0195385 -0.0369796 -0.0483876 -0.0441766 -0.0204318 -0.0319418 -0.0358977 -0.0625862 -0.0447506 -0.0354949 -0.0405412 -0.0398552 -0.0528271 -0.0532960 -0.0192811 -0.0362722 -0.0112665 -0.0416020 -0.0243626 -0.0458299 0.0034196 -0.0434718 -0.0652686 -0.0542591 -0.0244976 -0.0432267 -0.0370071 -0.0545326 -0.0712270 -0.0430684 -0.1303146 -0.1345527 -0.0586284 -0.0544004 -0.0417732 -0.0915496 -0.0659662 -0.1592552 -0.0593566 -0.0928153 -0.0833437 -0.0831090 -0.0398773 -0.1217406 -0.0567703 -0.1531170
0.1038303 0.1071826 0.1122892 0.0989318 0.1149857 0.1122541 0.1151762 0.1174863 0.1577657 0.8943706 0.1557539 0.1604208 0.1713793 0.1541663 0.1008003 0.1087476 -0.0199331 0.0113397 0.0149595 0.0128356 -0.0006921 0.0258802 0.0103115 0.0062825 0.0161509 0.0080088 0.0152099 0.0056844 0.0050221 0.0004620 0.0107771 -0.0010317 0.0129666 0.0168531 -0.0012366 0.0186376 0.0029252 0.0077118 0.0172234 0.0139545 0.0018018 -0.0119973 -0.0057570 0.0064809 0.0168645 0.0037226 -0.0068119 -0.0214391 -0.0701034 -0.0165481 -0.0364715 -0.0413455 -0.0403705 -0.0178343 -0.0382393 -0.0344746 -0.0603861 -0.0470704 -0.0332455 -0.0411331 -0.0371010 -0.0504992 -0.0522947 -0.0201094 -0.0325280 -0.0151359 -0.0443951 -0.0209102 -0.0490698 -0.0026275 -0.0484941 -0.0650956 -0.0549272 -0.0242411 -0.0432530 -0.0368367 -0.0504509 -0.0680917 -0.0420653 -0.1255590 -0.1361202 -0.0607793 -0.0511503 -0.0414367 -0.0918980 -0.0628233 -0.1555449 -0.0620602 -0.0900131 -0.0712290 -0.0705303 -0.0406985 -0.1157434 -0.0601980 -0.1454708
0.1065374 0.1120132 0.1161882 0.1069314 0.1197863 0.1165440 0.1193381 0.1241527 0.1703313 0.1557539 0.9258772 0.1772202 0.1612776 0.1592296 0.1097198 0.1121779 -0.0134172 0.0185514 0.0283127 0.0183810 0.0072652 0.0354715 0.0176598 0.0098700 0.0136814 0.0038001 0.0129270 0.0024091 0.0046757 -0.0023453 0.0106236 -0.0075003 0.0096881 0.0163689 -0.0045205 0.0167773 0.0058734 0.0074094 0.0153612 0.0098547 0.0033841 -0.0134617 -0.0055784 0.0047458 0.0183140 0.0036710 -0.0100404 -0.0222235 -0.0668663 -0.0192847 -0.0331356 -0.0476549 -0.0390783 -0.0241511 -0.0378574 -0.0371097 -0.0631422 -0.0445204 -0.0321803 -0.0383719 -0.0416676 -0.0556542 -0.0567297 -0.0188256 -0.0370130 -0.0186507 -0.0468724 -0.0212319 -0.0544396 -0.0058258 -0.0507598 -0.0702530 -0.0570000 -0.0238048 -0.0408720 -0.0403068 -0.0530481 -0.0660866 -0.0452164 -0.1262823 -0.1360788 -0.0670791 -0.0511884 -0.0451369 -0.0951777 -0.0696693 -0.1538609 -0.0610686 -0.0930338 -0.0606743 -0.0602533 -0.0378415 -0.1182430 -0.0592123 -0.1466565
0.1139112 0.1144989 0.1172694 0.1073469 0.1227198 0.1218380 0.1238631 0.1311791 0.1649982 0.1604208 0.1772202 0.9138318 0.1670127 0.1622825 0.1056904 0.1180682 -0.0174025 0.0173795 0.0222086 0.0137966 0.0009312 0.0330412 0.0144762 0.0057278 0.0153605 0.0037597 0.0159978 0.0026319 0.0032291 -0.0014401 0.0107955 -0.0032741 0.0111980 0.0166976 0.0003785 0.0199901 0.0066749 0.0054090 0.0153711 0.0095638 0.0050905 -0.0134197 -0.0029695 0.0037471 0.0195705 0.0025887 -0.0061373 -0.0269446 -0.0730281 -0.0215406 -0.0384161 -0.0456861 -0.0407308 -0.0194056 -0.0378431 -0.0388540 -0.0638636 -0.0424760 -0.0374787 -0.0445324 -0.0465694 -0.0594466 -0.0604739 -0.0218302 -0.0363169 -0.0164029 -0.0426527 -0.0255257 -0.0502899 -0.0003867 -0.0453110 -0.0696484 -0.0578865 -0.0295701 -0.0475921 -0.0376356 -0.0541182 -0.0728711 -0.0437721 -0.1266589 -0.1367606 -0.0652098 -0.0522614 -0.0483267 -0.0967044 -0.0681405 -0.1540511 -0.0643128 -0.0927360 -0.0735410 -0.0737646 -0.0438167 -0.1161939 -0.0627574 -0.1509701
0.1014562 0.1089122 0.1130903 0.0988322 0.1154855 0.1111302 0.1131769 0.1164876 0.1599501 0.1713793 0.1612776 0.1670127 0.8960357 0.1615970 0.1042917 0.1095552 -0.0262281 0.0098951 0.0146181 0.0069560 -0.0055822 0.0247683 0.0074379 0.0003975 0.0167430 0.0081732 0.0216539 0.0055479 0.0077851 0.0032901 0.0144871 0.0012085 0.0169611 0.0182942 -0.0033662 0.0197586 0.0088026 0.0126416 0.0210244 0.0123872 0.0029687 -0.0111964 -0.0026346 0.0089876 0.0168068 0.0066053 -0.0028552 -0.0258089 -0.0712002 -0.0168866 -0.0399797 -0.0406179 -0.0373551 -0.0240314 -0.0342045 -0.0384075 -0.0619258 -0.0448630 -0.0282849 -0.0413592 -0.0318798 -0.0482452 -0.0489163 -0.0219165 -0.0322571 -0.0135108 -0.0455125 -0.0233600 -0.0491389 0.0007981 -0.0468412 -0.0654574 -0.0601686 -0.0225335 -0.0420513 -0.0338350 -0.0502318 -0.0687889 -0.0420160 -0.1332900 -0.1395697 -0.0631246 -0.0552826 -0.0408229 -0.0948282 -0.0668819 -0.1632439 -0.0627265 -0.0929141 -0.0770580 -0.0763986 -0.0413593 -0.1232698 -0.0583809 -0.1548117
0.1007677 0.1047145 0.1096628 0.1001152 0.1141610 0.1111339 0.1157892 0.1198888 0.1544843 0.1541663 0.1592296 0.1622825 0.1615970 0.9053574 0.1047978 0.1031406 -0.0166669 0.0138843 0.0213122 0.0094074 -0.0009438 0.0307629 0.0106040 0.0070047 0.0180378 0.0016561 0.0134139 0.0038208 0.0060308 -0.0017482 0.0085184 -0.0044600 0.0084183 0.0172034 -0.0023096 0.0174620 0.0077753 0.0077220 0.0152922 0.0143859 0.0021403 -0.0112695 -0.0020570 0.0048694 0.0154102 0.0050551 -0.0057917 -0.0185398 -0.0682869 -0.0184964 -0.0365222 -0.0441105 -0.0396442 -0.0242718 -0.0358199 -0.0345406 -0.0630003 -0.0450287 -0.0304822 -0.0407047 -0.0369688 -0.0518727 -0.0524536 -0.0170736 -0.0331711 -0.0182340 -0.0458445 -0.0175571 -0.0491937 -0.0031941 -0.0490972 -0.0696191 -0.0571256 -0.0225918 -0.0403295 -0.0340568 -0.0480884 -0.0660384 -0.0429676 -0.1283776 -0.1352490 -0.0665063 -0.0525275 -0.0437045 -0.0945516 -0.0662208 -0.1568873 -0.0623890 -0.0920950 -0.0631483 -0.0629364 -0.0378302 -0.1188227 -0.0525014 -0.1489816
0.0929998 0.0946030 0.1010912 0.0908625 0.1006729 0.0997946 0.0981245 0.1054754 0.1079470 0.1008003 0.1097198 0.1056904 0.1042917 0.1047978 0.8786242 0.0964686 -0.0217361 0.0017175 0.0074683 -0.0055257 -0.0102549 0.0199381 -0.0016298 -0.0049728 0.0187174 0.0131007 0.0230568 0.0082452 0.0112005 0.0092106 0.0199881 0.0036730 0.0172120 0.0176819 0.0071572 0.0186855 0.0097831 0.0162006 0.0184988 0.0173117 0.0056181 -0.0030206 0.0009396 0.0058223 0.0155836 0.0141485 -0.0061427 -0.0149804 -0.0633565 -0.0147654 -0.0291546 -0.0380396 -0.0344280 -0.0131714 -0.0252555 -0.0353495 -0.0497268 -0.0326370 -0.0173299 -0.0305686 -0.0218702 -0.0342343 -0.0370837 -0.0177222 -0.0283351 -0.0128430 -0.0356178 -0.0141986 -0.0417432 0.0030651 -0.0373475 -0.0543702 -0.0490124 -0.0215104 -0.0354064 -0.0304882 -0.0431392 -0.0627119 -0.0363488 -0.1159899 -0.1243204 -0.0473943 -0.0375423 -0.0330363 -0.0787813 -0.0560224 -0.1516992 -0.0515576 -0.0819927 -0.0703524 -0.0705184 -0.0381452 -0.1073963 -0.0517250 -0.1394810
0.0946308 0.0997407 0.1031949 0.0944868 0.1069548 0.1063117 0.1075281 0.1087169 0.1151276 0.1087476 0.1121779 0.1180682 0.1095552 0.1031406 0.0964686 0.8838245 -0.0269101 0.0016645 0.0060881 -0.0011841 -0.0102728 0.0150807 -0.0019130 -0.0038122 0.0239177 0.0186682 0.0249700 0.0103171 0.0147417 0.0108857 0.0223153 0.0129277 0.0251922 0.0168366 0.0073904 0.0250085 0.0100985 0.0155823 0.0198954 0.0155929 0.0108254 0.0003562 0.0044556 0.0026434 0.0151674 0.0167875 0.0010621 -0.0234224 -0.0643423 -0.0175932 -0.0322905 -0.0378714 -0.0377902 -0.0126133 -0.0286510 -0.0381536 -0.0540206 -0.0353563 -0.0218761 -0.0302050 -0.0208706 -0.0363710 -0.0378529 -0.0176778 -0.0287077 -0.0074596 -0.0353173 -0.0216582 -0.0426834 0.0040803 -0.0345971 -0.0564348 -0.0495452 -0.0174416 -0.0377243 -0.0226950 -0.0410838 -0.0677956 -0.0366344 -0.1185279 -0.1272974 -0.0468409 -0.0442504 -0.0369448 -0.0793495 -0.0569720 -0.1565543 -0.0542149 -0.0852441 -0.0862599 -0.0869693 -0.0372144 -0.0914865 -0.0549223 -0.1461886
-0.0198802 -0.0266628 -0.0210088 -0.0251983 -0.0238733 -0.0205573 -0.0303415 -0.0234207 -0.0199825 -0.0199331 -0.0134172 -0.0174025 -0.0262281 -0.0166669 -0.0217361 -0.0269101 1.1880774 0.1304469 0.1347713 0.1662235 0.1858536 0.1195929 0.1576845 0.1633694 -0.0725925 -0.0656669 -0.0678980 -0.0518998 -0.0753836 -0.0852368 -0.0964003 -0.0767761 -0.0907334 -0.0604217 -0.0491240 -0.0815210 -0.0630511 -0.0761437 -0.0747894 -0.0759992 -0.0076008 -0.0244126 -0.0908035 -0.0436847 -0.0421367 -0.0439582 -0.0309527 -0.1149574 0.0583735 -0.0402833 -0.0058085 0.0326263 -0.0408496 -0.0026911 -0.0175897 -0.0021813 0.0169572 -0.0033561 -0.0708200 -0.0028038 -0.0494732 -0.0476114 -0.0445602 -0.0635191 -0.0659226 -0.0519122 -0.0460716 -0.1123524 -0.0479846 -0.0698729 -0.0290838 0.0402961 0.0228953 -0.0046063 -0.0074261 -0.0056977 0.0223584 0.0114455 0.0146630 0.1357872 0.1429024 0.0088261 0.0099123 -0.0129361 0.0533989 0.0149927 0.2352615 0.0076358 0.0613653 -0.0905080 -0.0903954 -0.0425837 0.1621584 0.0100098 0.1816005
0.0070925 0.0080937 0.0028090 0.0020026 0.0113285 0.0051163 0.0034126 0.0054168 0.0104608 0.0113397 0.0185514 0.0173795 0.0098951 0.0138843 0.0017175 0.0016645 0.1304469 1.1057912 0.1332764 0.1498435 0.1479023 0.1277029 0.1457405 0.1312652 -0.0614899 -0.0656180 -0.0593206 -0.0586973 -0.0628735 -0.0817278 -0.0831406 -0.0742470 -0.0727451 -0.0445320 -0.0574235 -0.0735561 -0.0567146 -0.0658109 -0.0615435 -0.0677765 -0.0187415 -0.0495059 -0.0661319 -0.0337922 -0.0272036 -0.0550181 -0.0460614 -0.0784004 0.0237109 -0.0328691 -0.0028191 -0.0119045 -0.0280109 -0.0144832 -0.0475623 -0.0124696 -0.0085586 -0.0063335 -0.0587698 -0.0143357 -0.0551548 -0.0523496 -0.0512109 -0.0486571 -0.0539182 -0.0618518 -0.0525919 -0.0778233 -0.0679669 -0.0624740 -0.0471173 0.0089430 -0.0007256 -0.0107677 -0.0142398 -0.0030696 -0.0023505 0.0175297 0.0077330 0.0806985 0.0789527 -0.0180386 -0.0068915 -0.0223317 0.0210837 0.0075808 0.1604583 -0.0121564 0.0301945 -0.0219967 -0.0211939 -0.0231597 0.1143415 -0.0261913 0.1306422
0.0093724 0.0117512 0.0130003 0.0092955 0.0143828 0.0123436 0.0119693 0.0177325 0.0162139 0.0149595 0.0283127 0.0222086 0.0146181 0.0213122 0.0074683 0.0060881 0.1347713 0.1332764 1.1165332 0.1500990 0.1622705 0.1349576 0.1437221 0.1365777 -0.0636912 -0.0577493 -0.0538854 -0.0594619 -0.0677560 -0.0849679 -0.0820680 -0.0776917 -0.0731273 -0.0430872 -0.0617167 -0.0653377 -0.0610531 -0.0669907 -0.0625111 -0.0586882 -0.0243661 -0.0490688 -0.0726101 -0.0382426 -0.0155890 -0.0536853 -0.0520441 -0.0720054 0.0311765 -0.0255808 -0.0028686 -0.0126209 -0.0166615 -0.0185329 -0.0404944 -0.0017157 -0.0182028 -0.0146657 -0.0593640 -0.0101562 -0.0542701 -0.0469094 -0.0446191 -0.0414131 -0.0574555 -0.0638944 -0.0555682 -0.0709631 -0.0781428 -0.0619019 -0.0590452 -0.0119171 -0.0059751 -0.0085777 -0.0183754 -0.0156280 -0.0013373 0.0069559 -0.0029701 0.0797551 0.0827162 -0.0348977 -0.0085052 -0.0362699 0.0090618 -0.0032495 0.1517792 -0.0123669 0.0058813 -0.0127340 -0.0131929 -0.0279717 0.1051716 -0.0284855 0.1140701
0.0039724 0.0048919 -0.0020251 -0.0008594 0.0065103 0.0002546 0.0026703 0.0033921 0.0100478 0.0128356 0.0183810 0.0137966 0.0069560 0.0094074 -0.0055257 -0.0011841 0.1662235 0.1498435 0.1500990 1.1986762 0.1710626 0.1751193 0.1997584 0.1574002 -0.0853442 -0.0725937 -0.0760719 -0.0760016 -0.0883635 -0.1057216 -0.1090778 -0.1012173 -0.0873914 -0.0494816 -0.0699944 -0.0843923 -0.0608933 -0.0786019 -0.0709580 -0.0788067 -0.0417388 -0.0629755 -0.0862877 -0.0494699 -0.0343051 -0.0766494 -0.0704454 -0.0583459 0.0398024 -0.0200750 0.0143382 -0.0009087 0.0081121 -0.0307466 -0.0488852 -0.0259363 -0.0088348 -0.0001575 -0.0427409 -0.0017014 -0.0357740 -0.0233080 -0.0213102 -0.0551642 -0.0540579 -0.0903202 -0.0716512 -0.0595108 -0.1031921 -0.0721514 -0.0713507 -0.0192395 -0.0049636 0.0075724 -0.0012531 -0.0303405 -0.0043396 0.0243416 0.0003596 0.0914808 0.0684997 -0.0453242 -0.0453773 -0.0228713 -0.0085281 -0.0073449 0.1898255 -0.0011333 0.0419274 0.0430904 0.0451036 -0.0266875 0.1303414 -0.0625467 0.1555782
-0.0016539 -0.0096719 -0.0068651 -0.0117654 -0.0028600 -0.0063261 -0.0104612 -0.0053630 -0.0029736 -0.0006921 0.0072652 0.0009312 -0.0055822 -0.0009438 -0.0102549 -0.0102728 0.1858536 0.1479023 0.1622705 0.1710626 1.2179188 0.1612454 0.1834110 0.1737806 -0.0823724 -0.0693484 -0.0650981 -0.0714995 -0.0842811 -0.1051796 -0.0980801 -0.0925016 -0.0965459 -0.0591867 -0.0696039 -0.0892750 -0.0812885 -0.0814526 -0.0780587 -0.0782580 -0.0199089 -0.0518311 -0.0921961 -0.0478075 -0.0364473 -0.0629397 -0.0543430 -0.1073110 0.0537808 -0.0271018 -0.0079609 0.0233732 -0.0165007 -0.0272718 -0.0481730 -0.0093199 -0.0031242 -0.0171160 -0.0727677 -0.0113693 -0.0594641 -0.0424530 -0.0423063 -0.0533633 -0.0665781 -0.0741503 -0.0587034 -0.1088424 -0.0746096 -0.0721213 -0.0446916 0.0186894 0.0087125 -0.0055616 -0.0068970 -0.0261748 0.0113991 0.0356170 0.0003617 0.1203922 0.1234614 -0.0181877 -0.0135371 -0.0153323 0.0290964 -0.0004937 0.2334862 0.0033985 0.0586819 -0.0350933 -0.0351275 -0.0204531 0.1610419 -0.0050509 0.1748414
0.0265846 0.0215287 0.0211672 0.0193368 0.0289252 0.0207222 0.0196751 0.0264689 0.0236804 0.0258802 0.0354715 0.0330412 0.0247683 0.0307629 0.0199381 0.0150807 0.1195929 0.1277029 0.1349576 0.1751193 0.1612454 1.1455442 0.1699848 0.1589160 -0.0841412 -0.0592085 -0.0661487 -0.0621661 -0.0796523 -0.0994823 -0.0954114 -0.0917558 -0.0775483 -0.0409155 -0.0632830 -0.0746182 -0.0641448 -0.0635819 -0.0664670 -0.0635586 -0.0340339 -0.0615986 -0.0728543 -0.0446419 -0.0284493 -0.0697253 -0.0651708 -0.0563968 0.0220828 -0.0277392 0.0129580 -0.0104193 0.0090820 -0.0367116 -0.0547283 -0.0271223 -0.0229856 -0.0058456 -0.0244925 -0.0044162 -0.0279381 -0.0028977 -0.0010446 -0.0461160 -0.0680147 -0.0949831 -0.0848933 -0.0562910 -0.1086002 -0.0683765 -0.0862584 -0.0284300 -0.0156340 -0.0062977 -0.0128320 -0.0270613 -0.0032001 0.0309205 0.0189102 0.0573506 0.0418653 -0.0542515 -0.0472493 -0.0218087 -0.0211002 -0.0141747 0.1348947 -0.0148066 0.0098218 0.0402287 0.0429064 -0.0339120 0.0916207 -0.0580638 0.1105683
0.0028348 0.0029244 0.0004979 0.0004824 0.0076609 0.0025555 0.0002699 0.0053577 0.0093269 0.0103115 0.0176598 0.0144762 0.0074379 0.0106040 -0.0016298 -0.0019130 0.1576845 0.1457405 0.1437221 0.1997584 0.1834110 0.1699848 1.1749452 0.1669373 -0.0810908 -0.0718689 -0.0736368 -0.0733737 -0.0829652 -0.1018575 -0.0957902 -0.0888926 -0.0863091 -0.0527231 -0.0672893 -0.0880597 -0.0741958 -0.0794513 -0.0768004 -0.0765051 -0.0219315 -0.0504470 -0.0851294 -0.0450205 -0.0379889 -0.0630193 -0.0606592 -0.0829398 0.0301467 -0.0256643 0.0097379 0.0080107 -0.0107925 -0.0246542 -0.0492596 -0.0150008 -0.0148594 0.0078436 -0.0415101 -0.0008955 -0.0404951 -0.0205897 -0.0173329 -0.0635445 -0.0703919 -0.0791559 -0.0742011 -0.0834894 -0.0921780 -0.0723554 -0.0707425 -0.0003570 -0.0073928 0.0039229 -0.0123570 -0.0236462 0.0077948 0.0171705 0.0115800 0.1061668 0.0887665 -0.0269593 -0.0274046 -0.0128505 0.0135236 0.0012801 0.1915324 0.0082329 0.0434092 -0.0131183 -0.0126670 -0.0345658 0.1347212 -0.0358509 0.1603071
0.0058926 -0.0030959 -0.0035017 -0.0001431 0.0031107 -0.0007587 -0.0083894 -0.0048148 0.0024189 0.0062825 0.0098700 0.0057278 0.0003975 0.0070047 -0.0049728 -0.0038122 0.1633694 0.1312652 0.1365777 0.1574002 0.1737806 0.1589160 0.1669373 1.1444703 -0.0728581 -0.0537353 -0.0683360 -0.0585169 -0.0750919 -0.0928327 -0.0925560 -0.0768450 -0.0826619 -0.0486727 -0.0670111 -0.0759576 -0.0608922 -0.0667278 -0.0643687 -0.0712099 -0.0198619 -0.0472610 -0.0801353 -0.0437183 -0.0282018 -0.0557637 -0.0474003 -0.0839431 0.0247471 -0.0287386 0.0097046 0.0119761 -0.0149939 -0.0241658 -0.0331244 -0.0187374 -0.0054244 -0.0041817 -0.0432817 -0.0148880 -0.0291619 -0.0150563 -0.0136459 -0.0585501 -0.0644037 -0.0825793 -0.0665895 -0.0838065 -0.0782823 -0.0609337 -0.0560020 0.0077807 0.0038954 -0.0087680 -0.0098846 -0.0115659 0.0134371 0.0258762 -0.0004532 0.0868274 0.0726053 -0.0307075 -0.0225069 -0.0218173 0.0169358 -0.0067496 0.1769907 -0.0114088 0.0235648 -0.0035303 -0.0034187 -0.0353745 0.1195671 -0.0311003 0.1377334
0.0158156 0.0171344 0.0162277 0.0179910 0.0188487 0.0233775 0.0193391 0.0194842 0.0215541 0.0161509 0.0136814 0.0153605 0.0167430 0.0180378 0.0187174 0.0239177 -0.0725925 -0.0614899 -0.0636912 -0.0853442 -0.0823724 -0.0841412 -0.0810908 -0.0728581 0.8535014 0.0353907 0.0448457 0.0605507 0.0756091 0.0946869 0.0936145 0.0745792 0.0423482 0.0250806 0.0295576 0.0466462 0.0322015 0.0315039 0.0262689 0.0395568 0.0131057 0.0197439 0.0311078 0.0197632 0.0191559 0.0369253 0.0223001 -0.0015155 -0.0451317 -0.0123322 -0.0335838 -0.0088151 -0.0341730 0.0075243 -0.0006956 -0.0027724 -0.0201819 -0.0200684 -0.0115760 -0.0161408 -0.0242851 -0.0412259 -0.0423204 0.0075478 0.0087078 0.0428503 0.0241200 0.0006565 0.0409078 0.0341153 0.0232030 -0.0104029 -0.0239913 -0.0141024 -0.0197873 0.0012496 -0.0234455 -0.0448631 -0.0305332 -0.0753719 -0.0855529 0.0029058 0.0054865 -0.0032423 -0.0331522 -0.0227712 -0.1339154 -0.0195280 -0.0458220 -0.0845499 -0.0863821 -0.0040159 -0.0972934 0.0038075 -0.1249746
0.0107583 0.0120918 0.0108000 0.0103718 0.0095877 0.0150607 0.0117816 0.0135467 0.0074445 0.0080088 0.0038001 0.0037597 0.0081732 0.0016561 0.0131007 0.0186682 -0.0656669 -0.0656180 -0.0577493 -0.0725937 -0.0693484 -0.0592085 -0.0718689 -0.0537353 0.0353907 0.8687107 0.0752867 0.0290606 0.0478299 0.0388951 0.0457333 0.0421349 0.0379258 0.0209611 0.0188327 0.0412439 0.0236934 0.0240952 0.0270804 0.0341979 0.0116135 0.0260923 0.0195591 0.0039617 0.0064642 0.0342588 0.0215702 0.0021094 -0.0427855 -0.0009327 -0.0143254 -0.0127903 -0.0068447 0.0100314 0.0120832 -0.0219111 -0.0114300 -0.0089633 0.0253877 0.0004923 0.0401350 0.0282256 0.0271606 0.0037831 0.0017704 0.0151335 -0.0030819 0.0021649 0.0050496 0.0222072 -0.0011220 -0.0184459 -0.0150344 -0.0033271 -0.0017063 -0.0014630 -0.0085516 -0.0418033 -0.0136526 -0.0699805 -0.0761274 0.0077243 -0.0123029 0.0061462 -0.0324758 -0.0091073 -0.1353531 -0.0171365 -0.0524720 -0.0704287 -0.0709958 -0.0083493 -0.0836497 -0.0148135 -0.1070995
0.0151468 0.0180379 0.0208824 0.0187641 0.0200358 0.0218775 0.0197823 0.0186598 0.0196350 0.0152099 0.0129270 0.0159978 0.0216539 0.0134139 0.0230568 0.0249700 -0.0678980 -0.0593206 -0.0538854 -0.0760719 -0.0650981 -0.0661487 -0.0736368 -0.0683360 0.0448457 0.0752867 0.8606371 0.0378135 0.0436963 0.0527580 0.0479128 0.0529036 0.0346231 0.0216489 0.0221809 0.0357004 0.0312645 0.0247954 0.0260465 0.0356440 0.0137937 0.0227364 0.0245794 0.0139637 0.0115557 0.0300063 0.0237987 -0.0000856 -0.0472103 -0.0065142 -0.0303518 -0.0082261 -0.0227732 0.0008517 0.0022627 -0.0196087 -0.0179974 -0.0099792 0.0075359 0.0001493 0.0108388 -0.0009305 -0.0023641 0.0117896 0.0089375 0.0198617 0.0095097 -0.0004993 0.0176398 0.0294976 0.0151905 -0.0156379 -0.0274307 -0.0077676 -0.0078269 0.0004383 -0.0182945 -0.0455769 -0.0204672 -0.0847613 -0.0856506 0.0063580 -0.0065880 -0.0030389 -0.0282770 -0.0174458 -0.1297834 -0.0232228 -0.0494269 -0.0825047 -0.0843383 -0.0099938 -0.0886355 -0.0035577 -0.1120241
-0.0000257 0.0032766 0.0076714 0.0072872 0.0022706 0.0060455 0.0054445 0.0038210 0.0068101 0.0056844 0.0024091 0.0026319 0.0055479 0.0038208 0.0082452 0.0103171 -0.0518998 -0.0586973 -0.0594619 -0.0760016 -0.0714995 -0.0621661 -0.0733737 -0.0585169 0.0605507 0.0290606 0.0378135 0.8778719 0.0782464 0.0601055 0.0538732 0.0741032 0.0229457 0.0180009 0.0182502 0.0388817 0.0301258 0.0238024 0.0240667 0.0183009 0.0262177 0.0312218 0.0248625 0.0098667 0.0078082 0.0436312 0.0393839 -0.0001658 -0.0469294 -0.0138710 -0.0124703 -0.0024338 -0.0141298 0.0197443 0.0066412 -0.0233978 -0.0063441 -0.0124880 0.0169290 -0.0066981 0.0222532 0.0149121 0.0144979 0.0035079 0.0006552 0.0208371 -0.0001344 0.0008894 0.0191029 0.0279752 0.0071431 -0.0012303 -0.0059167 -0.0113733 -0.0088695 0.0050883 -0.0113569 -0.0456333 -0.0221448 -0.0692348 -0.0674764 0.0100580 -0.0020581 0.0011397 -0.0299770 -0.0120961 -0.1114918 -0.0179738 -0.0569063 -0.0947533 -0.0957601 -0.0207394 -0.0850493 -0.0061511 -0.1034241
0.0043742 0.0070639 0.0069367 0.0082526 0.0049495 0.0101553 0.0067018 0.0053168 0.0076751 0.0050221 0.0046757 0.0032291 0.0077851 0.0060308 0.0112005 0.0147417 -0.0753836 -0.0628735 -0.0677560 -0.0883635 -0.0842811 -0.0796523 -0.0829652 -0.0750919 0.0756091 0.0478299 0.0436963 0.0782464 0.8747684 0.0733294 0.0637329 0.0848806 0.0317199 0.0235331 0.0232504 0.0383386 0.0273362 0.0306823 0.0293858 0.0286440 0.0167139 0.0164381 0.0260375 0.0115549 0.0076529 0.0339598 0.0222284 0.0055990 -0.0293310 -0.0100256 -0.0175463 -0.0215925 -0.0131380 0.0144805 0.0060581 -0.0161124 -0.0107001 -0.0047095 0.0146281 -0.0059801 0.0227078 0.0105193 0.0097964 0.0138849 0.0058579 0.0303946 0.0109233 0.0043018 0.0204736 0.0312236 0.0138446 -0.0078222 -0.0172504 -0.0077583 -0.0092802 0.0011199 -0.0139912 -0.0438580 -0.0162527 -0.0740816 -0.0740338 0.0110935 -0.0082478 0.0024775 -0.0331932 -0.0226072 -0.1304673 -0.0256833 -0.0482265 -0.0747909 -0.0752677 -0.0124410 -0.0931681 -0.0056692 -0.1120370
-0.0004171 0.0033680 0.0069142 0.0040729 0.0020761 0.0083116 0.0078060 0.0032823 0.0051981 0.0004620 -0.0023453 -0.0014401 0.0032901 -0.0017482 0.0092106 0.0108857 -0.0852368 -0.0817278 -0.0849679 -0.1057216 -0.1051796 -0.0994823 -0.1018575 -0.0928327 0.0946869 0.0388951 0.0527580 0.0601055 0.0733294 0.8729363 0.0954217 0.0769359 0.0345422 0.0283605 0.0317307 0.0461237 0.0374996 0.0466511 0.0296215 0.0425761 0.0146516 0.0285070 0.0418842 0.0221296 0.0185990 0.0399149 0.0327271 0.0234276 -0.0416244 -0.0094030 -0.0288244 -0.0066967 -0.0177974 0.0120354 0.0197123 -0.0110572 -0.0171094 -0.0122871 0.0014238 -0.0123970 0.0059414 -0.0099972 -0.0099916 0.0201102 0.0123431 0.0427538 0.0266217 0.0240845 0.0470027 0.0444719 0.0288187 -0.0092533 -0.0116641 -0.0153323 -0.0194631 0.0140065 -0.0233937 -0.0431098 -0.0212764 -0.0806977 -0.0804045 0.0171391 0.0061491 -0.0015520 -0.0238704 -0.0107555 -0.1455084 -0.0170939 -0.0494176 -0.0732113 -0.0739708 -0.0030078 -0.0985445 0.0061053 -0.1254197
0.0139475 0.0153731 0.0194712 0.0160589 0.0174263 0.0155768 0.0181892 0.0166729 0.0154165 0.0107771 0.0106236 0.0107955 0.0144871 0.0085184 0.0199881 0.0223153 -0.0964003 -0.0831406 -0.0820680 -0.1090778 -0.0980801 -0.0954114 -0.0957902 -0.0925560 0.0936145 0.0457333 0.0479128 0.0538732 0.0637329 0.0954217 0.8605396 0.0722761 0.0448304 0.0318226 0.0312598 0.0528034 0.0414258 0.0454868 0.0395141 0.0442011 0.0189497 0.0241855 0.0432160 0.0200364 0.0186287 0.0474305 0.0290958 0.0221078 -0.0552305 0.0000879 -0.0262891 -0.0036146 -0.0174677 0.0104463 0.0163372 -0.0085101 -0.0250502 -0.0179265 0.0141453 -0.0139170 -0.0014000 -0.0177329 -0.0179563 0.0101524 0.0155376 0.0402096 0.0218190 0.0225229 0.0385785 0.0493764 0.0206571 -0.0203807 -0.0194094 -0.0076031 -0.0100863 -0.0013950 -0.0241084 -0.0492840 -0.0266240 -0.0924874 -0.0989956 0.0037666 -0.0017421 0.0007830 -0.0384542 -0.0214119 -0.1587296 -0.0209090 -0.0565341 -0.0674750 -0.0684334 -0.0034841 -0.1176451 0.0104590 -0.1417962
-0.0022752 0.0030431 0.0012980 0.0011855 -0.0009096 0.0029648 0.0014267 0.0013527 0.0035424 -0.0010317 -0.0075003 -0.0032741 0.0012085 -0.0044600 0.0036730 0.0129277 -0.0767761 -0.0742470 -0.0776917 -0.1012173 -0.0925016 -0.0917558 -0.0888926 -0.0768450 0.0745792 0.0421349 0.0529036 0.0741032 0.0848806 0.0769359 0.0722761 0.8813206 0.0400888 0.0199084 0.0223001 0.0490148 0.0341254 0.0294550 0.0327650 0.0288761 0.0180374 0.0331856 0.0245186 0.0148333 0.0096619 0.0478332 0.0366853 -0.0084550 -0.0427205 -0.0084276 -0.0296375 0.0060286 -0.0302349 0.0240869 0.0174758 -0.0074759 -0.0112402 -0.0030260 0.0016821 0.0021541 0.0135956 0.0070256 0.0060322 0.0011473 0.0015913 0.0387347 0.0307860 -0.0071765 0.0426290 0.0368631 0.0379514 0.0062332 -0.0098130 -0.0146661 -0.0148618 0.0184062 -0.0059166 -0.0475813 -0.0216738 -0.0628058 -0.0633158 0.0240196 -0.0001165 0.0033202 -0.0188496 -0.0102225 -0.1139162 -0.0229176 -0.0410505 -0.1267758 -0.1281185 -0.0130473 -0.0762794 0.0193241 -0.1075768
0.0126306 0.0120667 0.0164312 0.0159094 0.0135868 0.0181171 0.0170515 0.0170196 0.0146260 0.0129666 0.0096881 0.0111980 0.0169611 0.0084183 0.0172120 0.0251922 -0.0907334 -0.0727451 -0.0731273 -0.0873914 -0.0965459 -0.0775483 -0.0863091 -0.0826619 0.0423482 0.0379258 0.0346231 0.0229457 0.0317199 0.0345422 0.0448304 0.0400888 0.8546255 0.0290230 0.0326624 0.0532803 0.0306324 0.0460784 0.0452218 0.0476645 0.0094584 0.0241323 0.0389218 0.0178303 0.0169400 0.0257229 0.0178256 0.0321813 -0.0463968 0.0106617 -0.0147008 -0.0192377 -0.0072169 0.0037264 0.0081786 -0.0125872 -0.0160692 -0.0130307 0.0284953 -0.0103739 0.0214128 0.0130334 0.0120327 0.0177648 0.0160721 0.0257265 0.0128295 0.0310308 0.0173347 0.0321380 0.0059576 -0.0235095 -0.0253823 -0.0022255 -0.0071529 -0.0025545 -0.0176640 -0.0373134 -0.0208301 -0.0860736 -0.0901653 -0.0037557 -0.0114132 -0.0028406 -0.0392137 -0.0136370 -0.1552339 -0.0147982 -0.0503107 -0.0375087 -0.0378196 -0.0062280 -0.1120228 -0.0166853 -0.1173907
0.0170404 0.0183087 0.0198599 0.0189249 0.0196434 0.0185032 0.0212748 0.0202133 0.0176360 0.0168531 0.0163689 0.0166976 0.0182942 0.0172034 0.0176819 0.0168366 -0.0604217 -0.0445320 -0.0430872 -0.0494816 -0.0591867 -0.0409155 -0.0527231 -0.0486727 0.0250806 0.0209611 0.0216489 0.0180009 0.0235331 0.0283605 0.0318226 0.0199084 0.0290230 0.9510450 0.0184460 0.0273504 0.0225940 0.0273033 0.0260592 0.0258917 0.0023842 0.0066324 0.0293755 0.0130161 0.0132416 0.0142937 0.0101905 0.0394763 -0.0246814 0.0089847 -0.0035389 -0.0166865 0.0052207 -0.0014022 0.0045201 -0.0039368 -0.0107398 -0.0072014 0.0143869 -0.0078989 0.0071400 0.0001966 -0.0005247 0.0199627 0.0206798 0.0166454 0.0085318 0.0397381 0.0123404 0.0223522 0.0037402 -0.0238340 -0.0135468 -0.0027482 -0.0038599 -0.0076719 -0.0181990 -0.0154516 -0.0112044 -0.0628340 -0.0677695 -0.0125470 -0.0072523 -0.0030787 -0.0269770 -0.0169662 -0.1047202 -0.0095915 -0.0298606 0.0307020 0.0302806 0.0048601 -0.0733754 -0.0079855 -0.0810995
0.0002683 0.0005017 0.0038934 0.0027316 -0.0025312 -0.0022692 0.0016879 -0.0003603 -0.0029069 -0.0012366 -0.0045205 0.0003785 -0.0033662 -0.0023096 0.0071572 0.0073904 -0.0491240 -0.0574235 -0.0617167 -0.0699944 -0.0696039 -0.0632830 -0.0672893 -0.0670111 0.0295576 0.0188327 0.0221809 0.0182502 0.0232504 0.0317307 0.0312598 0.0223001 0.0326624 0.0184460 0.8824161 0.0341755 0.0276770 0.0263335 0.0165361 0.0261833 0.0018785 0.0108097 0.0270009 0.0003910 0.0061983 0.0161867 0.0120599 0.0130270 -0.0251542 -0.0018381 -0.0092068 -0.0110565 -0.0083640 0.0077389 0.0068519 -0.0072035 0.0008262 -0.0001585 0.0090037 -0.0015356 0.0022844 -0.0072303 -0.0088403 0.0112545 0.0093091 0.0270944 0.0129103 0.0132188 0.0195555 0.0275690 0.0168810 -0.0055968 -0.0130491 -0.0059514 -0.0074350 0.0002017 -0.0046543 -0.0209630 -0.0051001 -0.0536574 -0.0530574 0.0065621 0.0106262 0.0067721 -0.0137062 -0.0099927 -0.0935908 -0.0125487 -0.0206163 -0.0379168 -0.0380581 0.0018225 -0.0698882 0.0070590 -0.0753944
0.0163325 0.0180231 0.0231785 0.0175478 0.0207522 0.0196479 0.0213594 0.0217901 0.0191090 0.0186376 0.0167773 0.0199901 0.0197586 0.0174620 0.0186855 0.0250085 -0.0815210 -0.0735561 -0.0653377 -0.0843923 -0.0892750 -0.0746182 -0.0880597 -0.0759576 0.0466462 0.0412439 0.0357004 0.0388817 0.0383386 0.0461237 0.0528034 0.0490148 0.0532803 0.0273504 0.0341755 0.8614942 0.0426198 0.0388642 0.0430484 0.0421893 0.0149832 0.0251952 0.0366350 0.0151754 0.0141242 0.0354335 0.0275154 0.0121931 -0.0443292 0.0018244 -0.0182244 -0.0161617 -0.0090337 0.0063133 0.0043783 -0.0043508 -0.0191020 -0.0156404 0.0265348 -0.0083096 0.0228784 0.0153213 0.0142816 0.0110680 0.0162794 0.0321237 0.0096284 0.0153056 0.0184135 0.0390830 0.0092704 -0.0157773 -0.0199074 -0.0089504 -0.0068879 0.0005437 -0.0170581 -0.0431801 -0.0226317 -0.0976670 -0.0972990 0.0029780 -0.0061976 -0.0036652 -0.0379887 -0.0250508 -0.1518792 -0.0204256 -0.0601927 -0.0672104 -0.0685195 -0.0112058 -0.1111815 -0.0114453 -0.1336770
0.0084659 0.0082827 0.0139212 0.0103389 0.0082332 0.0055103 0.0063402 0.0078833 0.0076168 0.0029252 0.0058734 0.0066749 0.0088026 0.0077753 0.0097831 0.0100985 -0.0630511 -0.0567146 -0.0610531 -0.0608933 -0.0812885 -0.0641448 -0.0741958 -0.0608922 0.0322015 0.0236934 0.0312645 0.0301258 0.0273362 0.0374996 0.0414258 0.0341254 0.0306324 0.0225940 0.0276770 0.0426198 0.8681206 0.0308027 0.0361834 0.0307146 0.0018247 0.0112378 0.0292118 0.0046429 0.0130224 0.0219038 0.0127630 0.0157917 -0.0350155 -0.0019104 -0.0126005 -0.0075281 -0.0087132 0.0037725 0.0122369 -0.0201053 -0.0128122 -0.0094409 0.0240693 -0.0010300 0.0144489 0.0071313 0.0069405 0.0077728 0.0179728 0.0171661 0.0087161 0.0166197 0.0167143 0.0351285 0.0054665 -0.0131657 -0.0145800 -0.0038101 -0.0023448 0.0014991 -0.0103635 -0.0323999 -0.0208265 -0.0881128 -0.0882377 -0.0024474 -0.0121432 0.0011300 -0.0258327 -0.0215971 -0.1210689 -0.0065593 -0.0370483 -0.0380937 -0.0390831 -0.0037078 -0.0900336 -0.0044149 -0.1039121
0.0098924 0.0137352 0.0103480 0.0162518 0.0113123 0.0076586 0.0124836 0.0124568 0.0092405 0.0077118 0.0074094 0.0054090 0.0126416 0.0077220 0.0162006 0.0155823 -0.0761437 -0.0658109 -0.0669907 -0.0786019 -0.0814526 -0.0635819 -0.0794513 -0.0667278 0.0315039 0.0240952 0.0247954 0.0238024 0.0306823 0.0466511 0.0454868 0.0294550 0.0460784 0.0273033 0.0263335 0.0388642 0.0308027 0.8780956 0.0346665 0.0435574 0.0013478 0.0143371 0.0437359 0.0145112 0.0106878 0.0194896 0.0181561 0.0333016 -0.0355625 0.0074647 -0.0074924 -0.0111816 -0.0018420 -0.0032214 0.0125670 -0.0067704 -0.0158687 -0.0042464 0.0137737 -0.0169912 0.0053233 -0.0043404 -0.0047405 0.0183531 0.0184311 0.0262183 0.0148951 0.0317912 0.0244864 0.0356535 0.0079210 -0.0284655 -0.0178289 -0.0045167 -0.0069786 -0.0074792 -0.0223666 -0.0197501 -0.0155012 -0.0816449 -0.0942975 -0.0063897 -0.0118386 0.0023612 -0.0273705 -0.0265608 -0.1329101 -0.0138800 -0.0376578 0.0051902 0.0040098 -0.0027721 -0.1012013 -0.0065022 -0.1119735
0.0167722 0.0201097 0.0193829 0.0198504 0.0217983 0.0142318 0.0203482 0.0201478 0.0149108 0.0172234 0.0153612 0.0153711 0.0210244 0.0152922 0.0184988 0.0198954 -0.0747894 -0.0615435 -0.0625111 -0.0709580 -0.0780587 -0.0664670 -0.0768004 -0.0643687 0.0262689 0.0270804 0.0260465 0.0240667 0.0293858 0.0296215 0.0395141 0.0327650 0.0452218 0.0260592 0.0165361 0.0430484 0.0361834 0.0346665 0.8597419 0.0353797 0.0038715 0.0103767 0.0281428 0.0146973 0.0078186 0.0292465 0.0168893 0.0274367 -0.0489550 0.0064107 -0.0134825 -0.0086744 -0.0070597 0.0006956 0.0131450 -0.0101722 -0.0111699 -0.0194033 0.0191871 -0.0174763 0.0190006 0.0091863 0.0083080 0.0160909 0.0154264 0.0178856 -0.0001967 0.0273643 0.0050742 0.0225447 -0.0027491 -0.0299653 -0.0249497 -0.0068095 -0.0065769 -0.0078240 -0.0075087 -0.0342202 -0.0153338 -0.0792509 -0.0875603 -0.0140681 -0.0187293 0.0008460 -0.0442074 -0.0214574 -0.1439375 -0.0194298 -0.0554072 -0.0192554 -0.0194455 -0.0047944 -0.1034491 -0.0220668 -0.1091221
