0.0275331 0.2405861 0.0000995 0.6988419 0.0329394
0.0148031 0.2436444 0.0000992 0.7096195 0.0318338
0.0115923 0.2436078 0.0000989 0.7349426 0.0097583
0.0360836 0.2549138 0.0000990 0.6684412 0.0404624
0.0162693 0.2161225 0.0000990 0.7593391 0.0081701
0.0000991 0.2537025 0.0000991 0.7439983 0.0021009
0.0141281 0.2328877 0.0000987 0.7527868 0.0000987
0.0068434 0.2306493 0.0000989 0.7623095 0.0000989
0.0000992 0.2413834 0.0000992 0.7583189 0.0000992
0.0040572 0.2301526 0.0000995 0.7655912 0.0000995
0.0155900 0.2050608 0.0000995 0.7791502 0.0000995
0.0000993 0.2109584 0.0000993 0.7887436 0.0000993
0.0000991 0.2354743 0.0000991 0.7642282 0.0000991
0.0135730 0.2195043 0.0000994 0.7667239 0.0000994
0.0093376 0.2968956 0.0000995 0.6530507 0.0406166
0.0000994 0.3011637 0.0000994 0.6617408 0.0368967
0.0000990 0.0254391 0.5606428 0.4008323 0.0129869
0.0000996 0.0000996 0.4619750 0.5377262 0.0000996
0.0089994 0.0000996 0.4347396 0.5560617 0.0000996
0.0550106 0.0000997 0.4397931 0.4914378 0.0136587
0.0000994 0.0000994 0.5330483 0.4666535 0.0000994
0.0613030 0.0000997 0.3659174 0.5310859 0.0415939
0.0000996 0.0000996 0.4775170 0.4992505 0.0230333
0.0000997 0.0000997 0.4650930 0.4842800 0.0504276
0.0015347 0.7150247 0.0000996 0.1901523 0.0931887
0.0180930 0.5688716 0.0000998 0.1774077 0.2355280
0.0032740 0.6180124 0.0000997 0.2079465 0.1706674
0.0000998 0.6252287 0.0148226 0.1485584 0.2112906
0.0145487 0.6496281 0.0000995 0.1420639 0.1936597
0.0256670 0.7354156 0.0000989 0.0914118 0.1474067
0.0309157 0.7005770 0.0000982 0.1305941 0.1378150
0.0000997 0.7275038 0.0049318 0.0881608 0.1793039
0.0745184 0.5780542 0.0000982 0.1560511 0.1912782
0.1349723 0.4763935 0.0173610 0.2238334 0.1474398
0.0682876 0.5928501 0.0338380 0.1411585 0.1638659
0.0296534 0.6007102 0.0000985 0.1795743 0.1899637
0.0668665 0.5762169 0.0000994 0.1663474 0.1904698
0.1239387 0.5583835 0.0000987 0.1641090 0.1534701
0.0935094 0.5275598 0.0000986 0.1998526 0.1789797
0.0807644 0.5714600 0.0000989 0.1784057 0.1692710
0.0000994 0.4725735 0.1201104 0.2173968 0.1898199
0.0000994 0.5284331 0.0813960 0.1151289 0.2749426
0.1690007 0.5799787 0.0000986 0.0969317 0.1539902
0.1035787 0.5627974 0.0828048 0.2052022 0.0456168
0.0844816 0.4619592 0.0615085 0.2770971 0.1149536
0.0000996 0.5897675 0.0332178 0.1602002 0.2167149
0.0000997 0.5926703 0.0809527 0.1324411 0.1938362
0.4064715 0.3971277 0.0000969 0.0079278 0.1883762
0.1697283 0.3871478 0.3898765 0.0531476 0.0000999
0.1957562 0.4051477 0.1084946 0.1438559 0.1467457
0.1826168 0.2561959 0.1854452 0.1128135 0.2629286
0.0000997 0.5006962 0.2924757 0.0897882 0.1169402
0.2649263 0.2593932 0.1247469 0.0866878 0.2642458
0.0000998 0.5631962 0.1799324 0.1340987 0.1226729
0.0708425 0.5900012 0.1452208 0.0373989 0.1565367
0.1515509 0.5201117 0.2353501 0.0928873 0.0000999
0.0936400 0.4124785 0.2507104 0.0039546 0.2392165
0.0976711 0.4000940 0.2145663 0.0670669 0.2206016
0.0987306 0.1817425 0.0000992 0.0234175 0.6960102
0.0346670 0.3541716 0.1906638 0.0782515 0.3422461
0.0104209 0.0830880 0.0032405 0.0120398 0.8912109
0.0001005 0.0001005 0.0075952 0.0001005 0.9921034
0.0001005 0.0001005 0.0113376 0.0001005 0.9883611
0.2509657 0.4814421 0.0352965 0.0947350 0.1375607
0.2648546 0.5786847 0.0540891 0.0205533 0.0818184
0.0421622 0.8269674 0.0843411 0.0464291 0.0001002
0.0921985 0.7601282 0.1474726 0.0001003 0.0001003
0.4004786 0.4019372 0.0000969 0.0113779 0.1861094
0.0429097 0.8451281 0.1117603 0.0001010 0.0001010
0.0777282 0.6394563 0.0070501 0.1390481 0.1367173
0.0350181 0.7825356 0.1822458 0.0001003 0.0001003
0.0000996 0.5569080 0.3541113 0.0000996 0.0887816
0.0866093 0.4717889 0.2922798 0.0302398 0.1190822
0.0813012 0.3771421 0.1793587 0.1574059 0.2047921
0.0996275 0.3543003 0.1851109 0.0728558 0.2881055
0.0000996 0.4532016 0.2056360 0.0801223 0.2609405
0.0000997 0.3549403 0.2735333 0.0687530 0.3026737
0.2564365 0.2742277 0.3033913 0.0308565 0.1350880
0.0889496 0.3391494 0.2455781 0.0998794 0.2264435
0.0627636 0.2674833 0.6695521 0.0001005 0.0001005
0.0154754 0.2876487 0.6966743 0.0001008 0.0001008
0.0000997 0.5661872 0.2483007 0.0000997 0.1853128
0.0658276 0.6192949 0.2675816 0.0240620 0.0232339
0.0379438 0.4481954 0.1815560 0.0454789 0.2868260
0.0503585 0.5409116 0.4085290 0.0001005 0.0001005
0.0417264 0.4840862 0.3096524 0.0000999 0.1644350
0.0136340 0.0526968 0.9334682 0.0001005 0.0001005
0.1343584 0.4355502 0.2663213 0.0060992 0.1576709
0.1708008 0.3952056 0.4337933 0.0001001 0.0001001
0.9770481 0.0001004 0.0226507 0.0001004 0.0001004
0.9769395 0.0001005 0.0227591 0.0001005 0.0001005
0.2176584 0.5250148 0.1784075 0.0469375 0.0319818
0.0252717 0.2128080 0.7300679 0.0268303 0.0050222
0.0410433 0.6877155 0.2710408 0.0001002 0.0001002
0.1337609 0.0821118 0.7839265 0.0001004 0.0001004
