0.7708699 0.0043067 0.1768393 0.0479841
0.7859877 0.0000996 0.1788252 0.0350875
0.8119915 0.0000993 0.1562648 0.0316445
0.7415941 0.0000994 0.2005374 0.0577690
0.8347183 0.0000993 0.1327662 0.0324162
0.8244365 0.0000995 0.1581640 0.0172999
0.8355901 0.0000990 0.1261439 0.0381669
0.8495036 0.0000992 0.1190003 0.0313969
0.8539966 0.0000997 0.1261739 0.0197299
0.8505266 0.0000998 0.1192975 0.0300762
0.8665881 0.0008721 0.0946922 0.0378476
0.8884140 0.0000998 0.0882123 0.0232739
0.8481860 0.0000995 0.1283133 0.0234012
0.8509386 0.0000997 0.1103604 0.0386013
0.7248624 0.0075543 0.2297051 0.0378782
0.7391482 0.0076548 0.2369504 0.0162467
0.3820103 0.5861281 0.0317628 0.0000989
0.5212477 0.4785531 0.0000996 0.0000996
0.5437517 0.4560491 0.0000996 0.0000996
0.5068834 0.4929169 0.0000999 0.0000999
0.4416301 0.5581713 0.0000993 0.0000993
0.5699334 0.4298671 0.0000998 0.0000998
0.4846663 0.5151351 0.0000993 0.0000993
0.4911974 0.5086039 0.0000994 0.0000994
0.2617622 0.0000991 0.6145369 0.1236018
0.2338214 0.0140230 0.6524819 0.0996736
0.2749180 0.0015415 0.6225907 0.1009498
0.2113763 0.0315445 0.6902715 0.0668076
0.2048327 0.0000997 0.6839052 0.1111624
0.1546562 0.0000986 0.6944889 0.1507563
0.1947342 0.0000979 0.6572485 0.1479193
0.1677821 0.0131892 0.7610762 0.0579524
0.2198365 0.0000983 0.6006183 0.1794469
0.2784801 0.0238298 0.4739537 0.2237364
0.2024428 0.0366116 0.5779100 0.1830356
0.2437118 0.0000986 0.6264053 0.1297843
0.2289030 0.0000995 0.6021093 0.1688882
0.2254561 0.0000988 0.5457520 0.2286930
0.2631095 0.0000988 0.5520277 0.1847639
0.2426069 0.0000991 0.5740744 0.1832196
0.2752674 0.1542826 0.5703504 0.0000997
0.1756398 0.1193225 0.7049379 0.0000998
0.1578829 0.0000986 0.5544887 0.2875298
0.2691296 0.0711792 0.4206064 0.2390848
0.3331270 0.0670891 0.4300317 0.1697522
0.2290339 0.0606138 0.6881412 0.0222111
0.1924713 0.1007232 0.6465731 0.0602323
0.0595116 0.0000972 0.4553392 0.4850519
0.0786314 0.3794050 0.2392768 0.3026868
0.1870696 0.1178383 0.4174630 0.2776290
0.1333302 0.2188885 0.4390424 0.2087389
0.1324367 0.3002127 0.4771157 0.0902348
0.1116946 0.1547372 0.4368623 0.2967059
0.1838462 0.1881951 0.5345159 0.0934428
0.0825238 0.1494789 0.5784044 0.1895929
0.1456060 0.2219876 0.3286852 0.3037211
0.0269686 0.2690755 0.5286416 0.1753143
0.0953562 0.2349064 0.5033073 0.1664300
0.0449263 0.0428200 0.8417358 0.0705178
0.1005867 0.2273678 0.6022512 0.0697944
0.0000997 0.0692641 0.9305364 0.0000997
0.0000998 0.0818861 0.9179142 0.0000998
0.0000998 0.0878343 0.9119661 0.0000998
0.1464204 0.0372176 0.4591777 0.3571843
0.0788006 0.0392107 0.4598732 0.4221156
0.1566980 0.0341967 0.4926012 0.3165041
0.0458315 0.1091511 0.4611243 0.3838931
0.0630823 0.0000972 0.4578629 0.4789577
0.0000999 0.0695392 0.5104664 0.4198944
0.2044763 0.0038806 0.5868756 0.2047676
0.0438538 0.1537222 0.5199915 0.2824325
0.0263309 0.3695221 0.5302170 0.0739300
0.0590045 0.2978342 0.4508131 0.1923482
0.1908694 0.2032930 0.4727577 0.1330799
0.0982720 0.2166918 0.5404687 0.1445675
0.1179817 0.2387750 0.6109025 0.0323408
0.0914895 0.3134701 0.5743173 0.0207231
0.0478422 0.3157305 0.3050632 0.3313640
0.1211056 0.2737049 0.4709817 0.1342078
0.0001005 0.6742441 0.1443170 0.1813384
0.0001008 0.7001233 0.1532024 0.1465735
0.0000999 0.2874715 0.6898490 0.0225796
0.0682123 0.2539454 0.4551982 0.2226441
0.0748250 0.2090020 0.6152089 0.1009641
0.0001002 0.4062020 0.3721508 0.2215470
0.0143212 0.3258833 0.5257581 0.1340374
0.0001010 0.9269895 0.0001010 0.0728085
0.0325803 0.2770428 0.4605164 0.2298605
0.0001000 0.4225346 0.2483298 0.3290356
0.0001011 0.0179570 0.0001011 0.9818408
0.0001011 0.0184437 0.0001011 0.9813541
0.0945453 0.1655685 0.3769952 0.3628910
0.0126508 0.7373374 0.1358458 0.1141661
0.0217638 0.2521324 0.4738639 0.2522400
0.0001007 0.7901866 0.0146086 0.1951041
