0.0014683 0.7414902 0.2570414
0.0000994 0.7539045 0.2459961
0.0000991 0.7764564 0.2234446
0.0000995 0.7112442 0.2886563
0.0000991 0.7980106 0.2018902
0.0000992 0.7899247 0.2099761
0.0000989 0.7975897 0.2023114
0.0000990 0.8108167 0.1890842
0.0000994 0.8174740 0.1824266
0.0000996 0.8148841 0.1850163
0.0000998 0.8311704 0.1687298
0.0000996 0.8501373 0.1497632
0.0000992 0.8113679 0.1885329
0.0000996 0.8151992 0.1847012
0.0000997 0.7011904 0.2987099
0.0000995 0.7155873 0.2843132
0.5536942 0.4462062 0.0000996
0.4654057 0.5344947 0.0000996
0.4446866 0.5552138 0.0000996
0.4883754 0.5115250 0.0000996
0.5322198 0.4676806 0.0000996
0.4247324 0.5751680 0.0000996
0.4920115 0.5078889 0.0000996
0.4879888 0.5119116 0.0000996
0.0000994 0.2621374 0.7377632
0.0067080 0.2401282 0.7531638
0.0000998 0.2772533 0.7226468
0.0107441 0.2259228 0.7633331
0.0000997 0.2094781 0.7904222
0.0000991 0.1575533 0.8423476
0.0000984 0.1931348 0.8067667
0.0000995 0.1853718 0.8145287
0.0000992 0.2153787 0.7845222
0.0635919 0.2591184 0.6772897
0.0609081 0.1971320 0.7419599
0.0000990 0.2415151 0.7583859
0.0108908 0.2265806 0.7625287
0.0076147 0.2188955 0.7734898
0.0000998 0.2589102 0.7409900
0.0011624 0.2390085 0.7598292
0.1157694 0.3054773 0.5787533
0.0740923 0.2060211 0.7198866
0.0182120 0.1482062 0.8335818
0.1208977 0.2532779 0.6258244
0.0938726 0.3207203 0.5854071
0.0217936 0.2512020 0.7270043
0.0807286 0.2087485 0.7105229
0.0211923 0.0296338 0.9491739
0.4626751 0.0763467 0.4609782
0.1821498 0.1726889 0.6451613
0.2589242 0.1337712 0.6073046
0.3001174 0.1542874 0.5455952
0.2234006 0.0985329 0.6780665
0.1868653 0.1976471 0.6154876
0.1774318 0.0885399 0.7340283
0.3005557 0.1339485 0.5654957
0.2945676 0.0403040 0.6651284
0.2584523 0.1051196 0.6364281
0.0134247 0.0666823 0.9198930
0.2128952 0.1217310 0.6653738
0.0000998 0.0601739 0.9397264
0.0073161 0.0036385 0.9890454
0.0120068 0.0020090 0.9859842
0.1242399 0.1222684 0.7534917
0.1476519 0.0480934 0.8042547
0.1075069 0.1401177 0.7523754
0.2068620 0.0290949 0.7640431
0.0187853 0.0343144 0.9469003
0.1725577 0.0001001 0.8273422
0.0344711 0.1965585 0.7689704
0.2154025 0.0414219 0.7431756
0.3616266 0.0605779 0.5777954
0.3335425 0.0706590 0.5957985
0.2171298 0.1976092 0.5852610
0.2313182 0.1102834 0.6583984
0.2130961 0.1465443 0.6403596
0.2856947 0.1243727 0.5899326
0.4037249 0.0420757 0.5541993
0.2876190 0.1335143 0.5788667
0.7286325 0.0001002 0.2712674
0.7459095 0.0001004 0.2539901
0.2578866 0.0261769 0.7159365
0.2993625 0.0755216 0.6251160
0.2044223 0.0950929 0.7004848
0.4604490 0.0001001 0.5394509
0.3380123 0.0377141 0.6242736
0.9804377 0.0001002 0.0194621
0.3239362 0.0402942 0.6357696
0.5140592 0.0001000 0.4858408
0.3731109 0.0001006 0.6267884
0.3794304 0.0001006 0.6204690
0.2606207 0.0770111 0.6623682
0.7630089 0.0494041 0.1875870
0.3069176 0.0284619 0.6646204
0.8552334 0.0001003 0.1446663
