0.8523624 0.1383654 0.1016338 0.1263044 0.1023192 0.0996942 0.1041225 0.1063856 0.0999130 0.0972449 0.0925864 0.1019114 0.0957784 0.0939217 0.0995716 0.0995845 -0.0024590 0.0162006 0.0137648 0.0062075 0.0019300 0.0247177 0.0033429 0.0147732 0.0763274 0.0748615 0.0750634 0.0637754 0.0697111 0.0718781 0.0805315 0.0691005 0.0805928 0.0625252 0.0656646 0.0807454 0.0716728 0.0721522 0.0768616 0.0725408 0.0543746 0.0574925 0.0661508 0.0535116 0.0628097 0.0682563 0.0595715 0.0606709 -0.0038329 0.0467333 0.0290557 0.0151245 0.0300448 0.0384894 0.0382044 0.0174447 0.0168849 0.0215334 0.0629281 0.0345189 0.0674043 0.0548261 0.0544346 0.0545643 0.0384179 0.0528085 0.0326294 0.0609324 0.0334969 0.0644701 0.0343980 0.0093728 0.0135608 0.0419115 0.0350316 0.0318593 0.0257324 0.0030249 0.0222643 -0.0530064 -0.0591819 0.0266801 0.0231350 0.0353017 -0.0096432 0.0126512 -0.1220082 0.0182736 -0.0198861 0.0042400 0.0045746 0.0306696 -0.0659026 0.0185761 -0.0923963 -0.2767722 -0.2812034 -0.2791492 -0.2783931 -0.2773538 -0.2760623 -0.2766154 -0.2791775 -0.2802968 -0.2835066 -0.2842886 -0.2834661 -0.2836182 -0.2848705 -0.2859263 -0.2839315 -0.2861246 -0.2839088
0.1383654 0.8591338 0.1041619 0.1356343 0.1034147 0.1057491 0.1089839 0.1078048 0.1018699 0.1004096 0.0978059 0.1026980 0.1040500 0.0989809 0.1018908 0.1034034 -0.0060779 0.0202085 0.0184354 0.0088834 -0.0023692 0.0238233 0.0051603 0.0099100 0.0776777 0.0764667 0.0783814 0.0668909 0.0727760 0.0750671 0.0825382 0.0740078 0.0801342 0.0648088 0.0663079 0.0825571 0.0726073 0.0762113 0.0802965 0.0763598 0.0576704 0.0590061 0.0676671 0.0579047 0.0641246 0.0704945 0.0564781 0.0588577 -0.0043038 0.0518676 0.0293668 0.0145829 0.0312631 0.0379233 0.0394062 0.0175135 0.0148633 0.0235601 0.0648403 0.0365952 0.0668052 0.0576442 0.0576789 0.0554978 0.0427114 0.0544790 0.0369086 0.0591769 0.0333349 0.0661937 0.0350178 0.0090524 0.0140097 0.0417431 0.0362284 0.0371466 0.0237474 0.0017506 0.0248633 -0.0565014 -0.0605965 0.0268618 0.0231854 0.0337179 -0.0130367 0.0141183 -0.1249765 0.0214497 -0.0214134 0.0025736 0.0017912 0.0330458 -0.0689523 0.0225213 -0.0931966 -0.2856114 -0.2907869 -0.2874349 -0.2868117 -0.2864801 -0.2861065 -0.2850436 -0.2908506 -0.2899079 -0.2931162 -0.2913256 -0.2941179 -0.2922872 -0.2939318 -0.2938958 -0.2932950 -0.2954736 -0.2931308
0.1016338 0.1041619 0.8498304 0.1013499 0.1372286 0.1341752 0.1530278 0.1387023 0.1021020 0.1014026 0.0957183 0.1011573 0.1021079 0.0987087 0.1040092 0.1034047 -0.0014929 0.0152677 0.0193013 0.0034306 -0.0014557 0.0229627 0.0037723 0.0101693 0.0768311 0.0765046 0.0805221 0.0713434 0.0725509 0.0777994 0.0862646 0.0731164 0.0840636 0.0658108 0.0697975 0.0870908 0.0776154 0.0742995 0.0805106 0.0794206 0.0619559 0.0631251 0.0674974 0.0556050 0.0674558 0.0754195 0.0600548 0.0604967 -0.0070568 0.0472146 0.0334348 0.0138209 0.0330505 0.0389294 0.0402053 0.0181848 0.0193400 0.0224568 0.0622964 0.0356895 0.0684139 0.0564511 0.0580293 0.0514167 0.0389494 0.0493776 0.0353481 0.0603371 0.0343200 0.0638430 0.0349790 0.0110171 0.0142858 0.0441520 0.0394753 0.0346256 0.0240112 0.0006593 0.0244556 -0.0586730 -0.0660015 0.0288698 0.0266858 0.0347054 -0.0117559 0.0158659 -0.1246920 0.0140522 -0.0228241 0.0053268 0.0049784 0.0322216 -0.0714872 0.0205947 -0.0972209 -0.2892907 -0.2947047 -0.2920429 -0.2895125 -0.2888452 -0.2874705 -0.2892247 -0.2915186 -0.2938139 -0.2971578 -0.2962064 -0.2973671 -0.2964683 -0.2971323 -0.2988394 -0.2970320 -0.2992420 -0.2986448
0.1263044 0.1356343 0.1013499 0.8604702 0.0982025 0.1005685 0.1006866 0.1040069 0.0989472 0.0935052 0.0942478 0.0963307 0.0940914 0.0944751 0.0987054 0.0998506 -0.0017689 0.0167306 0.0165072 0.0043251 -0.0028981 0.0217076 0.0047167 0.0130070 0.0772827 0.0738537 0.0773006 0.0695155 0.0718357 0.0740232 0.0809873 0.0715314 0.0814432 0.0629997 0.0672647 0.0799078 0.0725914 0.0758714 0.0778247 0.0753090 0.0572833 0.0602407 0.0714491 0.0575694 0.0657634 0.0700651 0.0573615 0.0605919 -0.0029166 0.0494662 0.0333368 0.0140144 0.0310841 0.0386551 0.0422874 0.0172625 0.0182246 0.0247716 0.0644340 0.0383111 0.0652497 0.0555629 0.0569504 0.0555328 0.0429278 0.0504903 0.0328295 0.0621555 0.0334535 0.0667593 0.0352343 0.0127252 0.0130084 0.0425791 0.0380346 0.0340623 0.0250280 0.0038623 0.0242602 -0.0543349 -0.0589676 0.0277617 0.0276327 0.0370074 -0.0115435 0.0130685 -0.1231117 0.0193981 -0.0209950 0.0050785 0.0058661 0.0340386 -0.0672765 0.0206821 -0.0905342 -0.2795953 -0.2835549 -0.2800343 -0.2792583 -0.2801202 -0.2777550 -0.2789052 -0.2824090 -0.2831494 -0.2873818 -0.2855333 -0.2866841 -0.2864182 -0.2865382 -0.2873436 -0.2853546 -0.2890760 -0.2851868
0.1023192 0.1034147 0.1372286 0.0982025 0.8548368 0.1437925 0.1493295 0.1432878 0.0992436 0.0975199 0.0934080 0.0994150 0.0983623 0.0960957 0.1000323 0.1026641 -0.0054312 0.0178008 0.0151674 0.0052367 -0.0016962 0.0229621 0.0050495 0.0112717 0.0794760 0.0760918 0.0799705 0.0687290 0.0726688 0.0760906 0.0857541 0.0735209 0.0834915 0.0653290 0.0657977 0.0859400 0.0745463 0.0759701 0.0826496 0.0765650 0.0635239 0.0624527 0.0673293 0.0569934 0.0666338 0.0716328 0.0612526 0.0581264 -0.0037649 0.0493730 0.0308353 0.0172851 0.0309235 0.0397677 0.0398779 0.0171107 0.0177717 0.0230967 0.0636992 0.0313002 0.0689998 0.0606923 0.0587145 0.0535168 0.0440133 0.0536038 0.0354796 0.0582911 0.0352032 0.0692412 0.0352589 0.0089690 0.0123507 0.0440969 0.0398863 0.0359253 0.0238603 0.0004584 0.0243006 -0.0577883 -0.0657833 0.0288006 0.0238900 0.0342657 -0.0095142 0.0168659 -0.1246825 0.0165071 -0.0201496 0.0062954 0.0062516 0.0341024 -0.0701520 0.0178968 -0.0927613 -0.2883037 -0.2920158 -0.2887388 -0.2872490 -0.2873044 -0.2856667 -0.2869794 -0.2893138 -0.2901717 -0.2942100 -0.2947806 -0.2951320 -0.2944764 -0.2958655 -0.2961709 -0.2945276 -0.2978419 -0.2945757
0.0996942 0.1057491 0.1341752 0.1005685 0.1437925 0.8559430 0.1463332 0.1407048 0.1004220 0.0991582 0.0944705 0.1025530 0.0986080 0.0973177 0.1018180 0.1037831 -0.0033659 0.0156541 0.0174207 0.0052198 -0.0021254 0.0220368 0.0037968 0.0105422 0.0803379 0.0784355 0.0798828 0.0690735 0.0747478 0.0783554 0.0818852 0.0721844 0.0852551 0.0649989 0.0648776 0.0829323 0.0706800 0.0714981 0.0759359 0.0764202 0.0611042 0.0610165 0.0700721 0.0555194 0.0668280 0.0713773 0.0603305 0.0569872 -0.0050399 0.0465434 0.0277147 0.0165812 0.0308046 0.0395376 0.0377839 0.0191488 0.0134811 0.0213257 0.0608169 0.0325322 0.0677124 0.0558970 0.0564701 0.0547570 0.0419325 0.0535442 0.0345114 0.0566996 0.0370160 0.0675442 0.0319123 0.0085932 0.0119978 0.0425396 0.0380002 0.0343514 0.0245985 -0.0017973 0.0246888 -0.0573959 -0.0666648 0.0286098 0.0265384 0.0350893 -0.0124063 0.0188799 -0.1244041 0.0147711 -0.0208294 0.0024871 0.0013384 0.0330219 -0.0688368 0.0164595 -0.0922277 -0.2871632 -0.2903929 -0.2894644 -0.2871930 -0.2865702 -0.2852856 -0.2866154 -0.2902176 -0.2890697 -0.2956598 -0.2930060 -0.2939362 -0.2950570 -0.2958905 -0.2948492 -0.2930613 -0.2949780 -0.2956681
0.1041225 0.1089839 0.1530278 0.1006866 0.1493295 0.1463332 0.8553867 0.1543532 0.1036063 0.1031464 0.0977639 0.1058255 0.1024955 0.1038225 0.1024379 0.1066681 -0.0057241 0.0175287 0.0195469 0.0089534 -0.0013417 0.0228995 0.0049154 0.0072975 0.0795788 0.0783832 0.0806995 0.0711950 0.0741533 0.0797563 0.0852409 0.0753228 0.0858309 0.0673474 0.0698870 0.0866709 0.0727726 0.0767989 0.0819865 0.0820195 0.0625806 0.0607891 0.0692485 0.0571522 0.0660336 0.0717956 0.0606983 0.0584658 -0.0046989 0.0482756 0.0309440 0.0150979 0.0306409 0.0401822 0.0374465 0.0184037 0.0188104 0.0216241 0.0613872 0.0291318 0.0667114 0.0593098 0.0583180 0.0555994 0.0447321 0.0555204 0.0382020 0.0592317 0.0355036 0.0700731 0.0338488 0.0093174 0.0122041 0.0441901 0.0401718 0.0361225 0.0244721 0.0008851 0.0239393 -0.0590728 -0.0668040 0.0285120 0.0268479 0.0330853 -0.0116689 0.0164681 -0.1296409 0.0142799 -0.0220794 0.0045839 0.0043542 0.0313776 -0.0727751 0.0161926 -0.0988215 -0.2953914 -0.3008164 -0.2974479 -0.2971414 -0.2963509 -0.2933436 -0.2965834 -0.2994014 -0.2990027 -0.3039054 -0.3022314 -0.3047501 -0.3023401 -0.3047771 -0.3045131 -0.3039815 -0.3026738 -0.3038016
0.1063856 0.1078048 0.1387023 0.1040069 0.1432878 0.1407048 0.1543532 0.8572648 0.1046355 0.1002618 0.0974437 0.1069290 0.1003657 0.1020127 0.1046666 0.1049007 -0.0041427 0.0151336 0.0206289 0.0067120 -0.0010372 0.0248565 0.0049151 0.0074220 0.0802659 0.0800478 0.0803104 0.0707060 0.0743184 0.0772630 0.0852494 0.0753474 0.0871557 0.0669768 0.0683434 0.0872198 0.0750764 0.0770586 0.0821491 0.0798712 0.0638474 0.0615934 0.0706946 0.0583074 0.0649827 0.0745452 0.0600313 0.0602923 -0.0049336 0.0493470 0.0287790 0.0195336 0.0307698 0.0414797 0.0414594 0.0177822 0.0181466 0.0196484 0.0609160 0.0337976 0.0697696 0.0586586 0.0588746 0.0531190 0.0427625 0.0550412 0.0358343 0.0600967 0.0376881 0.0682053 0.0357862 0.0116118 0.0128259 0.0467938 0.0394017 0.0370666 0.0260646 0.0004623 0.0251055 -0.0582006 -0.0659176 0.0281660 0.0273743 0.0359220 -0.0081585 0.0169963 -0.1276633 0.0195727 -0.0216784 0.0053298 0.0046768 0.0335720 -0.0712815 0.0202492 -0.0941300 -0.2943477 -0.2988210 -0.2956327 -0.2942755 -0.2947396 -0.2929185 -0.2944627 -0.2978747 -0.2984782 -0.3020361 -0.3017036 -0.3014115 -0.3021106 -0.3027631 -0.3036771 -0.3013147 -0.3037820 -0.3022729
0.0999130 0.1018699 0.1021020 0.0989472 0.0992436 0.1004220 0.1036063 0.1046355 0.8579212 0.1310320 0.1334002 0.1324626 0.1341878 0.1287758 0.1065959 0.1086427 -0.0047350 0.0169129 0.0169184 0.0098380 -0.0025275 0.0216633 0.0065027 0.0108635 0.0803640 0.0755420 0.0788791 0.0711374 0.0738965 0.0778380 0.0833875 0.0756665 0.0845001 0.0656462 0.0659771 0.0841376 0.0732899 0.0748980 0.0780555 0.0771874 0.0607137 0.0561994 0.0674525 0.0617008 0.0688300 0.0722240 0.0633924 0.0612316 -0.0046224 0.0486871 0.0329057 0.0114233 0.0300005 0.0400279 0.0448948 0.0190383 0.0161033 0.0252894 0.0617438 0.0347478 0.0668880 0.0579923 0.0590583 0.0533672 0.0420562 0.0560229 0.0370714 0.0612205 0.0368235 0.0692476 0.0358892 0.0107714 0.0180574 0.0423487 0.0377660 0.0340188 0.0202787 0.0018455 0.0253423 -0.0566887 -0.0603097 0.0298731 0.0211413 0.0376014 -0.0128359 0.0148974 -0.1219880 0.0201108 -0.0211628 0.0000218 0.0004791 0.0354097 -0.0721564 0.0201919 -0.0945885 -0.2905481 -0.2941640 -0.2904766 -0.2898757 -0.2890819 -0.2886847 -0.2899019 -0.2929338 -0.2938008 -0.2969185 -0.2968557 -0.2958318 -0.2969940 -0.2980379 -0.2974342 -0.2978858 -0.3006282 -0.2969169
0.0972449 0.1004096 0.1014026 0.0935052 0.0975199 0.0991582 0.1031464 0.1002618 0.1310320 0.8538003 0.1218432 0.1298469 0.1427767 0.1280419 0.0997061 0.1036616 -0.0061831 0.0160059 0.0134296 0.0094757 -0.0022797 0.0203573 0.0049958 0.0123759 0.0765182 0.0742756 0.0753458 0.0696805 0.0715376 0.0734927 0.0799117 0.0716251 0.0826830 0.0636177 0.0662091 0.0833428 0.0684936 0.0716811 0.0787097 0.0771032 0.0570009 0.0569998 0.0668434 0.0597936 0.0649282 0.0683839 0.0589966 0.0601387 -0.0067577 0.0479518 0.0305343 0.0163137 0.0303721 0.0410899 0.0380755 0.0187416 0.0160453 0.0215973 0.0598510 0.0332115 0.0657232 0.0560683 0.0551190 0.0497946 0.0425127 0.0527864 0.0344426 0.0595745 0.0337923 0.0635140 0.0323231 0.0101560 0.0157790 0.0399898 0.0355902 0.0335121 0.0208483 0.0011288 0.0243610 -0.0545109 -0.0630135 0.0280021 0.0234501 0.0361369 -0.0136183 0.0165752 -0.1212698 0.0153238 -0.0215959 0.0017580 0.0026913 0.0323255 -0.0695095 0.0170159 -0.0902599 -0.2828667 -0.2859030 -0.2848684 -0.2817621 -0.2809995 -0.2796024 -0.2822735 -0.2838649 -0.2853103 -0.2888708 -0.2888682 -0.2891418 -0.2879836 -0.2898079 -0.2904011 -0.2887619 -0.2908060 -0.2896970
0.0925864 0.0978059 0.0957183 0.0942478 0.0934080 0.0944705 0.0977639 0.0974437 0.1334002 0.1218432 0.8672631 0.1342269 0.1276139 0.1236159 0.1018348 0.1013247 -0.0038957 0.0163558 0.0181566 0.0061828 -0.0015208 0.0198459 0.0049723 0.0094179 0.0749836 0.0731007 0.0756426 0.0697473 0.0730989 0.0737214 0.0814591 0.0701961 0.0811110 0.0628036 0.0650095 0.0828436 0.0724470 0.0724601 0.0779460 0.0740988 0.0590276 0.0584274 0.0680655 0.0586640 0.0647323 0.0705617 0.0589207 0.0591611 -0.0043957 0.0463114 0.0333081 0.0134938 0.0309468 0.0374594 0.0411640 0.0179313 0.0169716 0.0247850 0.0636678 0.0365497 0.0651709 0.0555168 0.0559281 0.0524845 0.0411085 0.0533733 0.0356699 0.0592110 0.0346513 0.0628990 0.0335843 0.0090409 0.0160522 0.0415106 0.0385668 0.0334101 0.0217817 0.0033492 0.0216534 -0.0536307 -0.0596141 0.0279225 0.0253419 0.0355321 -0.0127264 0.0141190 -0.1192269 0.0187497 -0.0225223 0.0044804 0.0051809 0.0354466 -0.0705997 0.0212978 -0.0910832 -0.2779902 -0.2830877 -0.2802324 -0.2777745 -0.2785012 -0.2771633 -0.2784559 -0.2813865 -0.2815821 -0.2838580 -0.2851369 -0.2856009 -0.2855259 -0.2873945 -0.2867980 -0.2878109 -0.2897745 -0.2861027
0.1019114 0.1026980 0.1011573 0.0963307 0.0994150 0.1025530 0.1058255 0.1069290 0.1324626 0.1298469 0.1342269 0.8631532 0.1343803 0.1297681 0.1008418 0.1073935 -0.0057490 0.0178106 0.0170012 0.0077231 -0.0036839 0.0224799 0.0058360 0.0091110 0.0755880 0.0724960 0.0770856 0.0694007 0.0719580 0.0730969 0.0809057 0.0717900 0.0819857 0.0642184 0.0690362 0.0858460 0.0730182 0.0717629 0.0787135 0.0750331 0.0605668 0.0574473 0.0701164 0.0582591 0.0673905 0.0692304 0.0617010 0.0583979 -0.0079355 0.0457897 0.0309152 0.0136176 0.0321537 0.0409204 0.0404241 0.0158844 0.0168540 0.0272296 0.0612332 0.0323314 0.0639107 0.0553008 0.0562328 0.0507522 0.0423899 0.0522969 0.0367124 0.0588744 0.0349964 0.0669051 0.0355903 0.0082238 0.0153879 0.0390318 0.0355316 0.0350325 0.0212654 -0.0009293 0.0243132 -0.0537881 -0.0617003 0.0272796 0.0237882 0.0328158 -0.0158236 0.0146809 -0.1198494 0.0161067 -0.0223772 0.0023160 0.0024907 0.0309624 -0.0684645 0.0157945 -0.0936922 -0.2857513 -0.2887254 -0.2859850 -0.2848395 -0.2849639 -0.2841400 -0.2850348 -0.2867092 -0.2896059 -0.2905777 -0.2906626 -0.2914582 -0.2919542 -0.2921290 -0.2923839 -0.2927283 -0.2945501 -0.2929522
0.0957784 0.1040500 0.1021079 0.0940914 0.0983623 0.0986080 0.1024955 0.1003657 0.1341878 0.1427767 0.1276139 0.1343803 0.8611297 0.1358369 0.1032936 0.1046713 -0.0081735 0.0170970 0.0167890 0.0069075 -0.0030788 0.0225449 0.0048389 0.0095935 0.0765170 0.0746420 0.0803033 0.0695101 0.0734419 0.0754025 0.0822865 0.0733499 0.0849344 0.0651968 0.0643005 0.0839782 0.0741157 0.0757506 0.0808285 0.0755795 0.0583787 0.0572780 0.0695652 0.0625948 0.0662173 0.0711596 0.0630416 0.0579303 -0.0056821 0.0492221 0.0281497 0.0175645 0.0341753 0.0365642 0.0421223 0.0171327 0.0157113 0.0243397 0.0638156 0.0334751 0.0690285 0.0564932 0.0574062 0.0505429 0.0453652 0.0543071 0.0346289 0.0588268 0.0347123 0.0662697 0.0340492 0.0109278 0.0132135 0.0432704 0.0374213 0.0357500 0.0221171 0.0025662 0.0249519 -0.0583929 -0.0636057 0.0268140 0.0217436 0.0366120 -0.0145307 0.0140847 -0.1239161 0.0163953 -0.0223442 0.0011442 0.0021856 0.0333421 -0.0731621 0.0190747 -0.0951031 -0.2882200 -0.2928233 -0.2898651 -0.2862807 -0.2864780 -0.2861400 -0.2881984 -0.2904404 -0.2916211 -0.2946146 -0.2953755 -0.2943254 -0.2958207 -0.2970811 -0.2968945 -0.2950735 -0.2986324 -0.2961738
0.0939217 0.0989809 0.0987087 0.0944751 0.0960957 0.0973177 0.1038225 0.1020127 0.1287758 0.1280419 0.1236159 0.1297681 0.1358369 0.8631914 0.1034518 0.0983967 -0.0022529 0.0178405 0.0190063 0.0053732 -0.0019000 0.0232128 0.0040444 0.0117485 0.0779397 0.0699874 0.0747807 0.0695837 0.0734565 0.0724027 0.0787151 0.0713425 0.0788131 0.0637229 0.0653844 0.0834014 0.0729069 0.0718261 0.0772589 0.0772911 0.0573723 0.0585977 0.0696394 0.0589927 0.0646912 0.0705473 0.0607136 0.0607544 -0.0054397 0.0470625 0.0302296 0.0146064 0.0300304 0.0369010 0.0408314 0.0189116 0.0143282 0.0237056 0.0629163 0.0340487 0.0669048 0.0552849 0.0558706 0.0523002 0.0425672 0.0517316 0.0335432 0.0609208 0.0349150 0.0641653 0.0328417 0.0076942 0.0145162 0.0419701 0.0384076 0.0370637 0.0242233 0.0013684 0.0231351 -0.0564986 -0.0618039 0.0254879 0.0227822 0.0345751 -0.0146539 0.0147134 -0.1213569 0.0157516 -0.0223226 0.0028853 0.0033515 0.0341018 -0.0719388 0.0237916 -0.0938177 -0.2830263 -0.2869507 -0.2843257 -0.2833661 -0.2829835 -0.2807868 -0.2835391 -0.2852936 -0.2867167 -0.2889549 -0.2894589 -0.2900387 -0.2887248 -0.2916982 -0.2918912 -0.2900494 -0.2917628 -0.2917379
0.0995716 0.1018908 0.1040092 0.0987054 0.1000323 0.1018180 0.1024379 0.1046666 0.1065959 0.0997061 0.1018348 0.1008418 0.1032936 0.1034518 0.8577080 0.1052569 -0.0015887 0.0163409 0.0171569 0.0044700 -0.0002129 0.0268824 0.0048631 0.0106252 0.0760673 0.0758985 0.0802421 0.0693934 0.0734969 0.0757397 0.0837984 0.0711225 0.0832570 0.0641918 0.0702057 0.0807396 0.0718631 0.0771488 0.0785504 0.0773810 0.0591906 0.0601412 0.0682685 0.0597046 0.0646035 0.0737035 0.0565696 0.0607822 -0.0046466 0.0484406 0.0338401 0.0158459 0.0321135 0.0421759 0.0437630 0.0161790 0.0188803 0.0286552 0.0643829 0.0370032 0.0673040 0.0573828 0.0555268 0.0499723 0.0431944 0.0513428 0.0360901 0.0613568 0.0343033 0.0663368 0.0356051 0.0129545 0.0168378 0.0408254 0.0372086 0.0338851 0.0222309 0.0019022 0.0254114 -0.0521255 -0.0597464 0.0308240 0.0293774 0.0376103 -0.0097727 0.0160702 -0.1216793 0.0186469 -0.0198180 0.0035386 0.0039448 0.0315739 -0.0656511 0.0188076 -0.0899112 -0.2808147 -0.2867883 -0.2854226 -0.2829191 -0.2821225 -0.2800689 -0.2840976 -0.2852030 -0.2855771 -0.2897984 -0.2890975 -0.2894673 -0.2892675 -0.2897461 -0.2912853 -0.2898941 -0.2915694 -0.2910133
0.0995845 0.1034034 0.1034047 0.0998506 0.1026641 0.1037831 0.1066681 0.1049007 0.1086427 0.1036616 0.1013247 0.1073935 0.1046713 0.0983967 0.1052569 0.8575904 -0.0069937 0.0163779 0.0158354 0.0088813 -0.0014628 0.0226499 0.0047454 0.0115641 0.0795043 0.0804323 0.0816404 0.0700567 0.0763687 0.0777130 0.0860352 0.0778047 0.0906302 0.0646778 0.0709978 0.0862342 0.0727381 0.0784797 0.0806034 0.0772962 0.0624606 0.0626392 0.0740991 0.0578838 0.0655574 0.0753510 0.0624173 0.0596704 -0.0022702 0.0483512 0.0342377 0.0157176 0.0330050 0.0432275 0.0427519 0.0163577 0.0175572 0.0281289 0.0644011 0.0374071 0.0705361 0.0585543 0.0581956 0.0530383 0.0456838 0.0562632 0.0374178 0.0610263 0.0342265 0.0673589 0.0390081 0.0111172 0.0179382 0.0451134 0.0372428 0.0399283 0.0246217 0.0018388 0.0260137 -0.0520653 -0.0600741 0.0307698 0.0252014 0.0351509 -0.0086625 0.0167542 -0.1228825 0.0196293 -0.0191616 0.0028232 0.0032604 0.0346821 -0.0488242 0.0174105 -0.0923084 -0.2865140 -0.2910830 -0.2888519 -0.2844507 -0.2863273 -0.2834285 -0.2865308 -0.2890039 -0.2906167 -0.2933170 -0.2937433 -0.2940910 -0.2938992 -0.2952657 -0.2960066 -0.2949220 -0.2961389 -0.2948185
-0.0024590 -0.0060779 -0.0014929 -0.0017689 -0.0054312 -0.0033659 -0.0057241 -0.0041427 -0.0047350 -0.0061831 -0.0038957 -0.0057490 -0.0081735 -0.0022529 -0.0015887 -0.0069937 0.9594410 0.0113381 0.0138417 0.0256731 0.0222093 0.0069351 0.0119606 0.0277194 -0.0108525 -0.0109475 -0.0118117 -0.0052724 -0.0125933 -0.0107903 -0.0141827 -0.0168999 -0.0153672 -0.0027021 -0.0043874 -0.0108636 -0.0066449 -0.0065407 -0.0105306 -0.0103774 -0.0026084 -0.0042029 -0.0140372 -0.0103075 -0.0118048 -0.0051347 -0.0033696 -0.0146806 0.0015338 -0.0119901 -0.0079151 -0.0037311 -0.0186918 -0.0046995 -0.0000612 -0.0112221 -0.0025100 -0.0108910 -0.0162508 -0.0087038 -0.0096774 -0.0159691 -0.0145943 -0.0112012 -0.0103741 -0.0098578 -0.0146950 -0.0142674 -0.0107979 -0.0116638 -0.0115317 -0.0060442 -0.0035641 -0.0071420 -0.0077039 -0.0129301 -0.0078219 -0.0129241 -0.0054995 -0.0025493 -0.0025102 -0.0075271 -0.0014270 -0.0079529 -0.0045439 -0.0111150 -0.0037978 -0.0058800 -0.0041134 -0.0210937 -0.0201123 -0.0191616 -0.0085505 -0.0027026 -0.0031622 0.0070004 0.0057893 0.0068673 0.0073020 0.0066974 0.0063714 0.0078798 0.0076127 0.0061427 0.0060974 0.0061147 0.0045656 0.0055311 0.0045306 0.0040676 0.0065108 -0.0001294 0.0041663
0.0162006 0.0202085 0.0152677 0.0167306 0.0178008 0.0156541 0.0175287 0.0151336 0.0169129 0.0160059 0.0163558 0.0178106 0.0170970 0.0178405 0.0163409 0.0163779 0.0113381 0.9295446 0.0268740 0.0227018 0.0142811 0.0186201 0.0171155 0.0192471 0.0078593 0.0006263 0.0043109 0.0035320 0.0082729 0.0029008 0.0036725 0.0013106 0.0045553 0.0099490 0.0015186 0.0037961 0.0057487 0.0052896 0.0049133 0.0021173 0.0068049 -0.0035451 0.0059922 0.0042583 0.0058734 0.0032689 0.0029266 0.0000291 -0.0089490 -0.0017787 0.0011646 -0.0136225 -0.0074389 0.0045765 -0.0067547 -0.0083263 -0.0043292 -0.0012570 -0.0001319 -0.0012684 0.0012299 -0.0039846 -0.0037810 -0.0000300 -0.0008325 -0.0020185 -0.0046601 -0.0005321 -0.0076311 0.0018054 -0.0046619 -0.0018444 -0.0025879 0.0018047 0.0009304 0.0078915 -0.0043042 -0.0033031 0.0025893 -0.0140826 -0.0169613 0.0013965 0.0024859 -0.0004439 -0.0033411 0.0023900 -0.0244424 -0.0057701 -0.0101604 -0.0107872 -0.0100556 -0.0008655 -0.0145564 -0.0079606 -0.0155096 -0.0484772 -0.0527168 -0.0504597 -0.0479721 -0.0494950 -0.0486469 -0.0509307 -0.0516222 -0.0495536 -0.0508459 -0.0527458 -0.0545852 -0.0553977 -0.0544695 -0.0536413 -0.0535991 -0.0575160 -0.0523899
0.0137648 0.0184354 0.0193013 0.0165072 0.0151674 0.0174207 0.0195469 0.0206289 0.0169184 0.0134296 0.0181566 0.0170012 0.0167890 0.0190063 0.0171569 0.0158354 0.0138417 0.0268740 0.9381506 0.0200175 0.0224817 0.0211737 0.0139145 0.0213844 0.0065988 0.0064892 0.0090468 0.0037399 0.0049060 0.0028067 0.0044868 0.0009689 0.0034640 0.0096687 -0.0028596 0.0091964 0.0037091 0.0038689 0.0046373 0.0078011 0.0041649 -0.0012469 0.0026037 0.0002354 0.0131715 0.0055746 0.0010013 0.0011311 -0.0039888 0.0019703 0.0000054 -0.0132999 -0.0014495 0.0030435 0.0002891 -0.0001623 -0.0080907 -0.0054777 -0.0014931 0.0016120 0.0004133 -0.0025427 -0.0010377 0.0055753 -0.0024120 -0.0017260 -0.0029135 0.0021173 -0.0100630 0.0026339 -0.0095878 -0.0115400 -0.0057195 0.0028272 -0.0008539 0.0002430 -0.0028616 -0.0092001 -0.0033315 -0.0118482 -0.0101739 -0.0053363 0.0054272 -0.0076556 -0.0086993 -0.0025380 -0.0288774 -0.0054539 -0.0220292 -0.0101808 -0.0109098 -0.0024457 -0.0184501 -0.0051168 -0.0243156 -0.0474523 -0.0512418 -0.0503385 -0.0485708 -0.0473294 -0.0475276 -0.0488838 -0.0492688 -0.0513895 -0.0491378 -0.0512380 -0.0538003 -0.0518667 -0.0521394 -0.0542455 -0.0512217 -0.0528670 -0.0543700
0.0062075 0.0088834 0.0034306 0.0043251 0.0052367 0.0052198 0.0089534 0.0067120 0.0098380 0.0094757 0.0061828 0.0077231 0.0069075 0.0053732 0.0044700 0.0088813 0.0256731 0.0227018 0.0200175 0.9607974 0.0143624 0.0258372 0.0307476 0.0187556 -0.0028776 -0.0046183 -0.0040526 -0.0046002 -0.0052275 -0.0067551 -0.0089926 -0.0082141 -0.0057359 0.0028825 -0.0055418 -0.0015159 0.0016174 -0.0049865 -0.0038437 -0.0061365 -0.0076758 -0.0094068 -0.0108195 -0.0068653 -0.0022716 -0.0080191 -0.0110417 -0.0020910 -0.0049062 -0.0028792 -0.0014642 -0.0047856 0.0006139 -0.0036375 -0.0063132 -0.0181100 -0.0072819 -0.0035491 -0.0070731 -0.0009478 -0.0071635 -0.0106979 -0.0100505 -0.0115532 -0.0037563 -0.0095866 -0.0057684 -0.0022673 -0.0155795 -0.0023802 -0.0111836 -0.0129692 -0.0079218 0.0071118 0.0002542 -0.0111726 -0.0100434 -0.0133422 -0.0088474 -0.0104368 -0.0232159 -0.0094770 -0.0172613 -0.0040614 -0.0166544 -0.0072874 -0.0101618 -0.0029325 -0.0067952 -0.0087022 -0.0083043 -0.0057427 -0.0060086 -0.0231752 -0.0089018 -0.0194249 -0.0228565 -0.0199652 -0.0185958 -0.0168747 -0.0195682 -0.0207897 -0.0172283 -0.0181862 -0.0194222 -0.0189552 -0.0210397 -0.0192463 -0.0217204 -0.0199643 -0.0204676 -0.0220014 -0.0240343
0.0019300 -0.0023692 -0.0014557 -0.0028981 -0.0016962 -0.0021254 -0.0013417 -0.0010372 -0.0025275 -0.0022797 -0.0015208 -0.0036839 -0.0030788 -0.0019000 -0.0002129 -0.0014628 0.0222093 0.0142811 0.0224817 0.0143624 0.9696407 0.0189208 0.0163555 0.0242050 -0.0111597 -0.0083113 -0.0043632 -0.0103575 -0.0111556 -0.0154768 -0.0090600 -0.0160927 -0.0157800 -0.0027241 -0.0138698 -0.0108031 -0.0160905 -0.0076625 -0.0111099 -0.0090426 -0.0047977 -0.0108181 -0.0132807 -0.0115169 -0.0084759 -0.0081460 -0.0095791 -0.0178637 -0.0022194 -0.0059311 -0.0115140 -0.0031109 -0.0079816 -0.0127900 -0.0151043 -0.0131740 -0.0104481 -0.0159391 -0.0176457 -0.0101387 -0.0136053 -0.0106597 -0.0117132 -0.0073389 -0.0112172 -0.0145784 -0.0122631 -0.0193830 -0.0150173 -0.0076108 -0.0100600 -0.0082082 -0.0076594 -0.0060572 -0.0058964 -0.0182498 -0.0097395 -0.0012885 -0.0130865 -0.0065587 -0.0074362 -0.0103370 -0.0098458 -0.0049886 -0.0109248 -0.0150745 0.0004462 -0.0065606 -0.0036769 -0.0147040 -0.0150174 -0.0052792 -0.0034967 -0.0029109 -0.0068485 0.0052443 0.0055489 0.0074478 0.0072865 0.0076510 0.0065613 0.0061548 0.0067384 0.0056173 0.0057069 0.0042029 0.0038051 0.0053077 0.0025779 0.0041620 0.0042978 0.0002843 0.0038643
0.0247177 0.0238233 0.0229627 0.0217076 0.0229621 0.0220368 0.0228995 0.0248565 0.0216633 0.0203573 0.0198459 0.0224799 0.0225449 0.0232128 0.0268824 0.0226499 0.0069351 0.0186201 0.0211737 0.0258372 0.0189208 0.9415616 0.0213478 0.0275295 0.0047192 0.0104388 0.0092491 0.0116973 0.0047038 0.0034386 0.0067970 0.0042649 0.0059969 0.0125621 0.0049011 0.0095293 0.0062646 0.0103041 0.0036315 0.0100278 0.0037908 -0.0009814 0.0046471 0.0039533 0.0085233 0.0037996 0.0015431 0.0043960 -0.0026824 -0.0001446 0.0052554 -0.0016980 0.0086994 0.0004502 -0.0025628 -0.0084868 -0.0089246 0.0025660 0.0066947 0.0056168 -0.0010114 0.0023246 0.0028887 0.0007576 -0.0051425 -0.0022162 -0.0050369 0.0044219 -0.0065863 0.0056541 -0.0096509 -0.0069072 -0.0047448 0.0064405 0.0023230 -0.0001985 -0.0005951 0.0010177 0.0109977 -0.0164054 -0.0237622 -0.0054305 -0.0077693 0.0051424 -0.0136328 -0.0007733 -0.0294075 -0.0028821 -0.0147848 -0.0050457 -0.0041165 -0.0011256 -0.0176136 -0.0079065 -0.0235804 -0.0630881 -0.0646466 -0.0642455 -0.0613579 -0.0617644 -0.0628086 -0.0606800 -0.0625007 -0.0641870 -0.0636567 -0.0633827 -0.0636606 -0.0627683 -0.0650655 -0.0632335 -0.0670236 -0.0666540 -0.0663693
0.0033429 0.0051603 0.0037723 0.0047167 0.0050495 0.0037968 0.0049154 0.0049151 0.0065027 0.0049958 0.0049723 0.0058360 0.0048389 0.0040444 0.0048631 0.0047454 0.0119606 0.0171155 0.0139145 0.0307476 0.0163555 0.0213478 0.9460896 0.0218846 -0.0041293 -0.0079365 -0.0070047 -0.0067848 -0.0067286 -0.0071642 -0.0029793 -0.0076715 -0.0063182 0.0014771 -0.0072913 -0.0073115 -0.0071619 -0.0054453 -0.0086390 -0.0060732 -0.0012787 -0.0070824 -0.0072508 -0.0049162 -0.0075524 -0.0036330 -0.0089296 -0.0063867 -0.0097174 -0.0040196 -0.0006759 -0.0041791 -0.0063861 -0.0056649 -0.0097680 -0.0098189 -0.0142190 0.0005692 -0.0052032 -0.0031205 -0.0109246 -0.0093985 -0.0077464 -0.0125569 -0.0105471 -0.0057211 -0.0113040 -0.0072007 -0.0129312 -0.0045673 -0.0161637 -0.0089752 -0.0114436 0.0021853 -0.0063308 -0.0124769 -0.0075790 -0.0116849 -0.0040738 -0.0049513 -0.0160192 -0.0060205 -0.0091766 -0.0004702 -0.0075434 -0.0063183 -0.0147101 0.0029531 -0.0044446 -0.0134570 -0.0127163 -0.0089808 -0.0100784 -0.0111513 -0.0069446 -0.0116967 -0.0121233 -0.0134924 -0.0081789 -0.0117781 -0.0088999 -0.0102704 -0.0104472 -0.0115419 -0.0110433 -0.0131764 -0.0140268 -0.0116439 -0.0125762 -0.0124400 -0.0139316 -0.0159783 -0.0110829
0.0147732 0.0099100 0.0101693 0.0130070 0.0112717 0.0105422 0.0072975 0.0074220 0.0108635 0.0123759 0.0094179 0.0091110 0.0095935 0.0117485 0.0106252 0.0115641 0.0277194 0.0192471 0.0213844 0.0187556 0.0242050 0.0275295 0.0218846 0.9425921 0.0038255 0.0077941 0.0004003 0.0052610 0.0007485 -0.0008526 -0.0001909 0.0015143 -0.0015670 0.0072241 -0.0047348 0.0035636 0.0029293 0.0058635 0.0035339 0.0002282 0.0048612 -0.0027384 -0.0025200 -0.0001221 0.0042643 0.0037005 0.0027049 -0.0056363 -0.0079001 -0.0017067 0.0027540 0.0003599 -0.0047167 -0.0018387 0.0025738 -0.0090472 -0.0053700 -0.0045382 -0.0028416 -0.0073574 0.0006470 -0.0024810 -0.0017831 -0.0064675 -0.0063565 -0.0071249 -0.0067512 -0.0054883 -0.0040157 0.0054657 -0.0050215 -0.0012786 -0.0019994 -0.0014391 -0.0013752 -0.0019228 0.0000998 -0.0016418 -0.0080537 -0.0131871 -0.0223075 -0.0074239 -0.0027022 -0.0025991 -0.0039530 -0.0078525 -0.0181210 -0.0084075 -0.0157006 -0.0042616 -0.0046388 -0.0069143 -0.0143532 -0.0070979 -0.0153198 -0.0396973 -0.0398700 -0.0411050 -0.0372593 -0.0367478 -0.0373376 -0.0366649 -0.0371611 -0.0380154 -0.0398702 -0.0398929 -0.0386797 -0.0427748 -0.0413986 -0.0404957 -0.0411037 -0.0429078 -0.0412739
0.0763274 0.0776777 0.0768311 0.0772827 0.0794760 0.0803379 0.0795788 0.0802659 0.0803640 0.0765182 0.0749836 0.0755880 0.0765170 0.0779397 0.0760673 0.0795043 -0.0108525 0.0078593 0.0065988 -0.0028776 -0.0111597 0.0047192 -0.0041293 0.0038255 0.8477594 0.0749546 0.0783416 0.0874638 0.0993741 0.1102076 0.1121029 0.0918676 0.0824332 0.0588391 0.0655139 0.0818346 0.0705756 0.0698875 0.0717720 0.0772816 0.0535423 0.0553740 0.0688092 0.0555104 0.0630791 0.0679410 0.0552463 0.0551899 -0.0041656 0.0401994 0.0264379 0.0175729 0.0280019 0.0379050 0.0345821 0.0222657 0.0204174 0.0227261 0.0612186 0.0339629 0.0603573 0.0504896 0.0506202 0.0545989 0.0438055 0.0533910 0.0367606 0.0566665 0.0427067 0.0652656 0.0388426 0.0137485 0.0140077 0.0377525 0.0359143 0.0397482 0.0234985 0.0070797 0.0206474 -0.0420545 -0.0560464 0.0293753 0.0308672 0.0394007 -0.0107083 0.0167549 -0.1115865 0.0232518 -0.0132977 0.0062295 0.0049544 0.0348575 -0.0658312 0.0223376 -0.0860543 -0.2617728 -0.2671963 -0.2624065 -0.2621296 -0.2611197 -0.2609336 -0.2602691 -0.2649394 -0.2646214 -0.2692557 -0.2682514 -0.2681515 -0.2707398 -0.2708594 -0.2711336 -0.2677874 -0.2716286 -0.2697348
0.0748615 0.0764667 0.0765046 0.0738537 0.0760918 0.0784355 0.0783832 0.0800478 0.0755420 0.0742756 0.0731007 0.0724960 0.0746420 0.0699874 0.0758985 0.0804323 -0.0109475 0.0006263 0.0064892 -0.0046183 -0.0083113 0.0104388 -0.0079365 0.0077941 0.0749546 0.8544971 0.1079498 0.0646319 0.0793921 0.0722807 0.0824931 0.0738420 0.0826073 0.0582147 0.0619772 0.0818738 0.0672379 0.0685466 0.0721618 0.0764080 0.0527293 0.0583956 0.0637074 0.0510303 0.0562724 0.0687397 0.0569069 0.0543641 -0.0001943 0.0476185 0.0310477 0.0163009 0.0381477 0.0436491 0.0467342 0.0165196 0.0214129 0.0260469 0.0620194 0.0367053 0.0722380 0.0573358 0.0568247 0.0528316 0.0436276 0.0504798 0.0321326 0.0547951 0.0358250 0.0631420 0.0352613 0.0131196 0.0203233 0.0413411 0.0413299 0.0332925 0.0263589 0.0037300 0.0269630 -0.0379188 -0.0504445 0.0344561 0.0264572 0.0409289 -0.0032501 0.0251348 -0.1178047 0.0225510 -0.0144971 0.0068450 0.0070811 0.0366146 -0.0594187 0.0191719 -0.0798237 -0.2546426 -0.2613605 -0.2588320 -0.2550771 -0.2569755 -0.2549095 -0.2586986 -0.2595932 -0.2596517 -0.2635664 -0.2626162 -0.2635908 -0.2635131 -0.2624057 -0.2668441 -0.2639382 -0.2643513 -0.2644051
0.0750634 0.0783814 0.0805221 0.0773006 0.0799705 0.0798828 0.0806995 0.0803104 0.0788791 0.0753458 0.0756426 0.0770856 0.0803033 0.0747807 0.0802421 0.0816404 -0.0118117 0.0043109 0.0090468 -0.0040526 -0.0043632 0.0092491 -0.0070047 0.0004003 0.0783416 0.1079498 0.8509198 0.0713120 0.0761134 0.0821697 0.0817664 0.0801377 0.0794459 0.0586763 0.0634585 0.0768005 0.0724561 0.0679235 0.0726427 0.0765257 0.0546082 0.0581196 0.0676638 0.0563500 0.0589480 0.0657883 0.0589088 0.0559457 -0.0030701 0.0447677 0.0248584 0.0197033 0.0324353 0.0362374 0.0400684 0.0153275 0.0200346 0.0291248 0.0614364 0.0418744 0.0681785 0.0567481 0.0561322 0.0592399 0.0494186 0.0478851 0.0362946 0.0558701 0.0387745 0.0669405 0.0432557 0.0137731 0.0131927 0.0409565 0.0417781 0.0380192 0.0232506 0.0037629 0.0255350 -0.0482695 -0.0543467 0.0350887 0.0286465 0.0372065 -0.0007691 0.0211777 -0.1109240 0.0203576 -0.0135143 0.0049217 0.0042805 0.0346001 -0.0606068 0.0250830 -0.0786497 -0.2610339 -0.2664933 -0.2629935 -0.2592101 -0.2616100 -0.2588141 -0.2615237 -0.2622493 -0.2642661 -0.2668913 -0.2663958 -0.2685868 -0.2680428 -0.2683325 -0.2696560 -0.2671068 -0.2697663 -0.2680906
0.0637754 0.0668909 0.0713434 0.0695155 0.0687290 0.0690735 0.0711950 0.0707060 0.0711374 0.0696805 0.0697473 0.0694007 0.0695101 0.0695837 0.0693934 0.0700567 -0.0052724 0.0035320 0.0037399 -0.0046002 -0.0103575 0.0116973 -0.0067848 0.0052610 0.0874638 0.0646319 0.0713120 0.8600088 0.0993191 0.0823213 0.0822116 0.0905657 0.0649501 0.0533459 0.0550332 0.0731682 0.0673750 0.0634435 0.0661034 0.0592665 0.0566307 0.0554798 0.0634739 0.0498654 0.0533540 0.0678163 0.0634398 0.0545847 -0.0060793 0.0373606 0.0318320 0.0180315 0.0342552 0.0433502 0.0367781 0.0113546 0.0207104 0.0208869 0.0575051 0.0289051 0.0612171 0.0523630 0.0529390 0.0501719 0.0399251 0.0452708 0.0260024 0.0550798 0.0363166 0.0614385 0.0317957 0.0157681 0.0230845 0.0321280 0.0336192 0.0317943 0.0202104 0.0015930 0.0180700 -0.0419068 -0.0490802 0.0276107 0.0257176 0.0332441 -0.0078006 0.0172962 -0.1029302 0.0188049 -0.0212927 0.0033962 0.0035269 0.0247705 -0.0639945 0.0174105 -0.0778221 -0.2385783 -0.2434134 -0.2423693 -0.2371191 -0.2370307 -0.2363160 -0.2388166 -0.2410261 -0.2431180 -0.2475485 -0.2443056 -0.2454951 -0.2464815 -0.2446440 -0.2479462 -0.2448748 -0.2482041 -0.2477743
0.0697111 0.0727760 0.0725509 0.0718357 0.0726688 0.0747478 0.0741533 0.0743184 0.0738965 0.0715376 0.0730989 0.0719580 0.0734419 0.0734565 0.0734969 0.0763687 -0.0125933 0.0082729 0.0049060 -0.0052275 -0.0111556 0.0047038 -0.0067286 0.0007485 0.0993741 0.0793921 0.0761134 0.0993191 0.8545843 0.0920885 0.0887965 0.0987230 0.0713605 0.0562092 0.0579260 0.0736772 0.0649306 0.0679478 0.0709578 0.0673489 0.0537675 0.0481940 0.0628198 0.0516819 0.0535171 0.0631157 0.0528648 0.0537896 0.0068445 0.0395646 0.0305770 0.0087676 0.0348317 0.0426003 0.0385161 0.0159251 0.0196998 0.0277449 0.0594911 0.0322776 0.0676384 0.0559321 0.0555700 0.0554352 0.0416196 0.0505102 0.0327058 0.0532240 0.0353785 0.0630767 0.0351940 0.0156175 0.0168229 0.0386287 0.0361918 0.0327556 0.0222707 0.0029910 0.0249456 -0.0403039 -0.0487665 0.0320314 0.0230494 0.0369514 -0.0082718 0.0133001 -0.1091337 0.0155174 -0.0155013 0.0075450 0.0077759 0.0293802 -0.0634350 0.0183026 -0.0793673 -0.2466909 -0.2537509 -0.2507965 -0.2484394 -0.2488334 -0.2474040 -0.2495272 -0.2525463 -0.2526453 -0.2553804 -0.2565933 -0.2551600 -0.2567949 -0.2565072 -0.2577589 -0.2565869 -0.2578891 -0.2574490
0.0718781 0.0750671 0.0777994 0.0740232 0.0760906 0.0783554 0.0797563 0.0772630 0.0778380 0.0734927 0.0737214 0.0730969 0.0754025 0.0724027 0.0757397 0.0777130 -0.0107903 0.0029008 0.0028067 -0.0067551 -0.0154768 0.0034386 -0.0071642 -0.0008526 0.1102076 0.0722807 0.0821697 0.0823213 0.0920885 0.8532414 0.1098861 0.0886739 0.0719030 0.0584220 0.0638805 0.0775047 0.0715673 0.0781000 0.0705505 0.0749505 0.0532072 0.0572193 0.0718987 0.0559959 0.0621667 0.0669805 0.0591650 0.0650472 -0.0004045 0.0398425 0.0264085 0.0183727 0.0340385 0.0401600 0.0466278 0.0168411 0.0174711 0.0251033 0.0597551 0.0324069 0.0700377 0.0589117 0.0597901 0.0591506 0.0425303 0.0524719 0.0353889 0.0657300 0.0431108 0.0699278 0.0398798 0.0133409 0.0208064 0.0352645 0.0328462 0.0449673 0.0206294 0.0056897 0.0246383 -0.0443843 -0.0513705 0.0358235 0.0296123 0.0369267 -0.0054265 0.0217359 -0.1143812 0.0215362 -0.0173215 0.0079257 0.0077290 0.0330568 -0.0629697 0.0213569 -0.0844670 -0.2590179 -0.2663088 -0.2621133 -0.2601152 -0.2604916 -0.2586382 -0.2603221 -0.2626890 -0.2629788 -0.2671884 -0.2669012 -0.2670265 -0.2664966 -0.2686931 -0.2678356 -0.2677068 -0.2697742 -0.2687035
0.0805315 0.0825382 0.0862646 0.0809873 0.0857541 0.0818852 0.0852409 0.0852494 0.0833875 0.0799117 0.0814591 0.0809057 0.0822865 0.0787151 0.0837984 0.0860352 -0.0141827 0.0036725 0.0044868 -0.0089926 -0.0090600 0.0067970 -0.0029793 -0.0001909 0.1121029 0.0824931 0.0817664 0.0822116 0.0887965 0.1098861 0.8521498 0.0910159 0.0831846 0.0631047 0.0675014 0.0870664 0.0776053 0.0802589 0.0810422 0.0814661 0.0616349 0.0600256 0.0754185 0.0587199 0.0651799 0.0783144 0.0617016 0.0659932 -0.0075012 0.0507815 0.0319688 0.0260677 0.0389819 0.0435519 0.0488975 0.0218367 0.0176701 0.0257124 0.0735792 0.0362464 0.0694706 0.0584269 0.0586527 0.0548701 0.0477083 0.0545647 0.0386777 0.0667809 0.0432669 0.0775014 0.0404443 0.0121039 0.0201066 0.0442896 0.0424777 0.0391717 0.0248614 0.0044111 0.0254759 -0.0454185 -0.0574523 0.0343264 0.0300699 0.0424695 -0.0089895 0.0209857 -0.1180476 0.0244600 -0.0159045 0.0106215 0.0104091 0.0371281 -0.0713485 0.0322075 -0.0908298 -0.2784915 -0.2845634 -0.2791319 -0.2784292 -0.2783550 -0.2762086 -0.2794091 -0.2809680 -0.2828058 -0.2851166 -0.2854584 -0.2852272 -0.2855018 -0.2866360 -0.2861177 -0.2868216 -0.2875051 -0.2859710
0.0691005 0.0740078 0.0731164 0.0715314 0.0735209 0.0721844 0.0753228 0.0753474 0.0756665 0.0716251 0.0701961 0.0717900 0.0733499 0.0713425 0.0711225 0.0778047 -0.0168999 0.0013106 0.0009689 -0.0082141 -0.0160927 0.0042649 -0.0076715 0.0015143 0.0918676 0.0738420 0.0801377 0.0905657 0.0987230 0.0886739 0.0910159 0.8518621 0.0769442 0.0557112 0.0561087 0.0795019 0.0685945 0.0668327 0.0724932 0.0662633 0.0503822 0.0540115 0.0631071 0.0510879 0.0555625 0.0670797 0.0571468 0.0544009 -0.0042126 0.0429214 0.0255010 0.0208778 0.0289796 0.0443034 0.0421965 0.0203690 0.0188052 0.0281110 0.0560751 0.0371617 0.0646474 0.0591511 0.0593360 0.0508030 0.0403699 0.0479219 0.0382258 0.0547740 0.0386597 0.0656425 0.0440872 0.0154432 0.0190761 0.0331040 0.0325566 0.0407597 0.0249607 0.0047984 0.0206302 -0.0397137 -0.0493161 0.0313011 0.0233907 0.0351707 -0.0058228 0.0175456 -0.1055790 0.0159055 -0.0124736 -0.0017880 -0.0012353 0.0291205 -0.0577579 0.0288670 -0.0787776 -0.2491797 -0.2538874 -0.2499635 -0.2485500 -0.2476152 -0.2474459 -0.2493069 -0.2513578 -0.2520356 -0.2545882 -0.2548735 -0.2564885 -0.2569390 -0.2576674 -0.2579001 -0.2569789 -0.2582537 -0.2563404
0.0805928 0.0801342 0.0840636 0.0814432 0.0834915 0.0852551 0.0858309 0.0871557 0.0845001 0.0826830 0.0811110 0.0819857 0.0849344 0.0788131 0.0832570 0.0906302 -0.0153672 0.0045553 0.0034640 -0.0057359 -0.0157800 0.0059969 -0.0063182 -0.0015670 0.0824332 0.0826073 0.0794459 0.0649501 0.0713605 0.0719030 0.0831846 0.0769442 0.8511251 0.0635055 0.0746380 0.0944756 0.0752919 0.0848847 0.0894457 0.0878778 0.0599612 0.0660279 0.0775152 0.0619246 0.0666801 0.0695199 0.0598923 0.0700184 0.0001238 0.0572744 0.0355442 0.0200322 0.0404018 0.0454019 0.0473977 0.0225338 0.0236375 0.0291720 0.0742903 0.0381729 0.0735313 0.0634503 0.0623671 0.0624044 0.0520806 0.0585849 0.0435253 0.0687137 0.0442598 0.0723003 0.0437800 0.0177726 0.0185885 0.0494407 0.0433454 0.0413540 0.0300594 0.0086337 0.0276924 -0.0421761 -0.0523105 0.0357466 0.0306008 0.0423132 -0.0038789 0.0293722 -0.1218529 0.0296970 -0.0112958 0.0096372 0.0092086 0.0376744 -0.0690884 0.0211975 -0.0789121 -0.2825066 -0.2848549 -0.2835404 -0.2821162 -0.2815459 -0.2795970 -0.2815368 -0.2848580 -0.2854723 -0.2898740 -0.2888991 -0.2897141 -0.2896227 -0.2905646 -0.2908045 -0.2885629 -0.2897971 -0.2901366
0.0625252 0.0648088 0.0658108 0.0629997 0.0653290 0.0649989 0.0673474 0.0669768 0.0656462 0.0636177 0.0628036 0.0642184 0.0651968 0.0637229 0.0641918 0.0646778 -0.0027021 0.0099490 0.0096687 0.0028825 -0.0027241 0.0125621 0.0014771 0.0072241 0.0588391 0.0582147 0.0586763 0.0533459 0.0562092 0.0584220 0.0631047 0.0557112 0.0635055 0.9223511 0.0515601 0.0630605 0.0559255 0.0563128 0.0594764 0.0584936 0.0457566 0.0463482 0.0543551 0.0438973 0.0485117 0.0535590 0.0470076 0.0495785 0.0022590 0.0389788 0.0278254 0.0158702 0.0301700 0.0327031 0.0357228 0.0163906 0.0181940 0.0219677 0.0518440 0.0303993 0.0548267 0.0475406 0.0474597 0.0437022 0.0374048 0.0424735 0.0310369 0.0503206 0.0324523 0.0522284 0.0326652 0.0137653 0.0166653 0.0355492 0.0336695 0.0308644 0.0229086 0.0078727 0.0233138 -0.0315507 -0.0370618 0.0273140 0.0239598 0.0327624 -0.0006572 0.0190423 -0.0836214 0.0206388 -0.0082569 0.0120313 0.0116299 0.0294541 -0.0459923 0.0201521 -0.0598613 -0.2003822 -0.2042409 -0.2018913 -0.2005015 -0.2002507 -0.1981772 -0.2003366 -0.2022742 -0.2035664 -0.2068211 -0.2058476 -0.2071916 -0.2066869 -0.2077669 -0.2084213 -0.2072377 -0.2090919 -0.2076427
