0.1297982 0.0000999 0.8701018
0.1118079 0.0000996 0.8880925
0.0773912 0.0000996 0.9225091
0.1586425 0.0000997 0.8412578
0.0511296 0.0000998 0.9487706
0.0574826 0.0000999 0.9424176
0.0501336 0.0000995 0.9497669
0.0436580 0.0000996 0.9562424
0.0374618 0.0000998 0.9624383
0.0364448 0.0023487 0.9612064
0.0158552 0.0075352 0.9766096
0.0001000 0.0035783 0.9963217
0.0352439 0.0000999 0.9646562
0.0394668 0.0019730 0.9585602
0.1835447 0.0000995 0.8163558
0.1659354 0.0000994 0.8339652
0.0660594 0.2493478 0.6845928
0.0529351 0.1996236 0.7474414
0.0002591 0.2037800 0.7959610
0.0000999 0.2265460 0.7733541
0.0000999 0.2492882 0.7506118
0.0000999 0.1895646 0.8103354
0.0000999 0.2328629 0.7670372
0.0391679 0.2117296 0.7491025
0.6579988 0.0000990 0.3419022
0.6951230 0.0000992 0.3047778
0.6490085 0.0000991 0.3508924
0.6903178 0.0010246 0.3086576
0.7136453 0.0000995 0.2862551
0.7642933 0.0000990 0.2356078
0.7304072 0.0000982 0.2694946
0.7398102 0.0000994 0.2600904
0.7315527 0.0000980 0.2683492
0.6198368 0.0433678 0.3367954
0.7328005 0.0060431 0.2611564
0.6908125 0.0000982 0.3090893
0.7057260 0.0000994 0.2941746
0.7176692 0.0000994 0.2822313
0.6834208 0.0000988 0.3164803
0.6960008 0.0000991 0.3039001
0.5662096 0.0352052 0.3985852
0.6859258 0.0264549 0.2876193
0.7928234 0.0000997 0.2070770
0.6323462 0.0366672 0.3309867
0.5666788 0.0236862 0.4096350
0.6628813 0.0015540 0.3355647
0.6814529 0.0256719 0.2928752
0.9127957 0.0053191 0.0818852
0.6391698 0.1952630 0.1655672
0.7154867 0.0521179 0.2323954
0.6806071 0.0992069 0.2201859
0.5827665 0.1457319 0.2715017
0.7533863 0.0840940 0.1625197
0.6299555 0.0795838 0.2904607
0.7877070 0.0595188 0.1527742
0.6351987 0.1427344 0.2220669
0.7487226 0.1300657 0.1212117
0.6879049 0.1173579 0.1947372
0.8708586 0.0000999 0.1290415
0.7103381 0.0829121 0.2067498
0.8672261 0.0000995 0.1326744
0.9132410 0.0122840 0.0744750
0.9150089 0.0137412 0.0712499
0.7930110 0.0302374 0.1767516
0.8441787 0.0520290 0.1037923
0.7621062 0.0362401 0.2016537
0.8352203 0.0759583 0.0888214
0.9103994 0.0028514 0.0867492
0.8971207 0.0670822 0.0357972
0.7316296 0.0028754 0.2654949
0.8341790 0.0694053 0.0964158
0.7071195 0.1491924 0.1436882
0.7116647 0.1363929 0.1519424
0.6600067 0.0685851 0.2714082
0.7590063 0.0717780 0.1692156
0.6810982 0.0852820 0.2336198
0.6870049 0.1131831 0.1998121
0.7023751 0.1724256 0.1251994
0.6666384 0.1145656 0.2187960
0.6595411 0.3254763 0.0149826
0.6566316 0.3432683 0.0001001
0.8201878 0.0926203 0.0871919
0.7474045 0.1086064 0.1439891
0.7553868 0.0738991 0.1707141
0.7643002 0.2011601 0.0345397
0.7764150 0.1251775 0.0984076
0.2973188 0.5412638 0.1614174
0.7684654 0.1214443 0.1100903
0.6890086 0.2341347 0.0768567
0.8625023 0.1373975 0.0001001
0.8602623 0.1396376 0.0001001
0.7900431 0.0851778 0.1247791
0.3974937 0.3916958 0.2108105
0.7885512 0.1186309 0.0928179
0.5189899 0.4363219 0.0446882
0.0141428 0.9857572 0.0001000
0.0032411 0.9966589 0.0001000
0.0104260 0.9894739 0.0001000
0.0066394 0.9878022 0.0055583
0.0140013 0.9858987 0.0001000
0.0194783 0.9804217 0.0001000
0.0137617 0.9861383 0.0001000
0.0060457 0.9930912 0.0008632
0.0028020 0.9949453 0.0022526
0.0001000 0.9998000 0.0001000
0.0001000 0.9998000 0.0001000
0.0001000 0.9998000 0.0001000
0.0001000 0.9998000 0.0001000
0.0001000 0.9998000 0.0001000
0.0001000 0.9998000 0.0001000
0.0001000 0.9998000 0.0001000
0.0001000 0.9998000 0.0001000
0.0001000 0.9998000 0.0001000
